SCUBE2_02	IL4_01	IL4_03	CTH_03	IL13_06	MBL2_03	BRIP1_02	MTHFR_02_2	IGF2R_04	ERCC3_02	ABCA1_12	MSH3_02	IL4_11	MSH3_07	IL4_10	ALOX5_15	CTH_13	TSG101_36	AHR_19	VCAM1_38	SLC6A3_14	CTH_10	GSK3B_02	BLM_25	AMACR_17	GSK3B_05	GSK3B_04	GSK3B_08	XRCC1_01	RB1CC1_10	MAOA_01	NFKB1_14	LCAT_05	RXRA_01	GSK3B_12	GSK3B_15	TNKS_15	SAT2_03	GSK3B_17	GSK3B_18	GSK3B_19	FANCA_34	CDKN2A_09	LMO2_08	VCAM1_02	KRAS_11	KRAS_12	IL2_03	GSK3B_28	GPX4_08	MTRR_05	KRAS_16	BLM_02	GSK3B_21	GSK3B_20	HSD17B4_19	RAD51_24	CYP1A1_91	TNKS_76	CCR2_06	BIC_33	XPA_02	KRAS_20	EXO1_01	GSK3B_37	GSK3B_36	INSR_07	AMACR_05	GSK3B_38	GSK3B_33	FLJ10385_08	IGF1_46	GSK3B_30	GPX3_28	RAD54L_04	IL1B_12	FZD7_20	STK6_02	STK6_03	LTA_05	RAD51_01	MTRR_22	IL13_03	CCND1_03	SLC6A3_05	GSK3B_41	CSF2_02	GSK3B_42	GSK3B_40	CBR1_11	CYP2E1_02	CASR_06	CDH1_09	LRP6_03	ARNT_23	KRAS_02	MDM2_01	BAK1_06	CYP1B1_28	
0.5283766568593862	0.0	0.0	6.6582892273265415	0.0	0.0	0.0	6.460032994841303	0.0	0.0	0.0	0.0	0.0	0.0	0.0	0.0	5.651183152422945	0.0	0.0	0.0	0.0	6.906379682189057	8.971588297450683	0.0	0.0	0.0	0.0	9.287632045358585	0.0	0.0	0.0	0.0	0.0	0.0	5.431201978717226	0.0	0.0	0.0	9.117659070006123	6.425864050548746	9.440408697888447	0.0	0.0	0.0	5.947662264040998	5.653219375425955	0.0	0.0	0.0	0.0	0.0	5.5796725125612845	0.0	8.971588297450683	0.0	0.0	0.0	0.0	0.0	0.0	0.0	0.0	0.0	0.0	9.440408697888447	0.0	0.0	0.0	6.425864050548746	9.121219499872257	0.0	0.0	8.971588297450683	0.0	5.210596791984212	0.0	0.0	0.0	0.0	0.0	0.0	0.0	0.0	6.10279475315787	10.784399131121525	6.4258640505486575	0.0	5.431201978717226	5.431201978717226	0.0	0.0	0.0	0.0	0.0	0.0	5.653219375426044	0.0	0.0	0.0	
0.0	1.9569146714563335	0.0	0.0	0.0	0.0	0.0	0.0	0.0	0.0	0.0	0.0	0.0	0.0	0.0	0.0	0.0	0.0	0.0	0.0	0.0	0.0	0.0	0.0	0.0	0.0	0.0	0.0	0.0	0.0	0.0	0.0	0.0	0.0	0.0	0.0	0.0	0.0	0.0	0.0	0.0	0.0	0.0	0.0	0.0	0.0	0.0	0.0	0.0	0.0	0.0	0.0	0.0	0.0	0.0	0.0	5.1686060782113685	0.0	0.0	0.0	0.0	0.0	0.0	0.0	0.0	0.0	0.0	0.0	0.0	0.0	0.0	0.0	0.0	0.0	0.0	0.0	0.0	0.0	0.0	0.0	5.241219772602923	0.0	0.0	0.0	0.0	0.0	0.0	0.0	0.0	0.0	0.0	0.0	0.0	0.0	0.0	0.0	0.0	0.0	0.0	
0.0	0.0	3.2491745273595107	0.0	0.0	0.0	0.0	0.0	0.0	0.0	0.0	0.0	0.0	0.0	0.0	0.0	0.0	0.0	0.0	0.0	0.0	0.0	0.0	0.0	0.0	0.0	0.0	0.0	0.0	0.0	0.0	0.0	0.0	0.0	0.0	0.0	0.0	0.0	0.0	0.0	0.0	0.0	0.0	0.0	0.0	0.0	0.0	0.0	0.0	0.0	0.0	0.0	0.0	0.0	0.0	0.0	0.0	0.0	0.0	0.0	0.0	0.0	0.0	0.0	0.0	0.0	0.0	0.0	0.0	0.0	0.0	0.0	0.0	0.0	0.0	0.0	0.0	0.0	0.0	0.0	0.0	0.0	0.0	0.0	0.0	0.0	5.3063449617583025	0.0	0.0	0.0	0.0	0.0	0.0	0.0	0.0	0.0	0.0	0.0	0.0	
6.65828922732663	0.0	0.0	1.1294317030848156	0.0	0.0	0.0	0.0	0.0	0.0	0.0	0.0	0.0	0.0	0.0	0.0	0.0	0.0	0.0	0.0	0.0	0.0	0.0	0.0	0.0	0.0	0.0	0.0	0.0	0.0	0.0	0.0	0.0	6.442954066568118	9.757515099034553	0.0	0.0	0.0	0.0	10.380185966823419	5.388469223657566	0.0	0.0	0.0	0.0	0.0	0.0	0.0	0.0	0.0	0.0	0.0	0.0	0.0	0.0	0.0	0.0	0.0	0.0	0.0	0.0	0.0	0.0	0.0	5.388469223657477	0.0	0.0	0.0	10.380185966823241	0.0	0.0	0.0	0.0	0.0	0.0	0.0	0.0	0.0	0.0	0.0	0.0	0.0	0.0	0.0	0.0	10.38018596682333	0.0	9.757515099034553	9.757515099034553	0.0	0.0	0.0	0.0	0.0	0.0	0.0	0.0	5.06741442644838	5.3030213240537805	
0.0	0.0	0.0	0.0	1.807569489544747	0.0	0.0	0.0	0.0	0.0	0.0	0.0	0.0	0.0	0.0	0.0	0.0	0.0	0.0	0.0	0.0	0.0	11.024952973757252	0.0	0.0	0.0	0.0	0.0	5.954525065224114	0.0	0.0	0.0	0.0	0.0	5.429993220457696	0.0	0.0	5.006024703497269	5.5235989737876245	5.018112779376871	9.955356678933747	0.0	0.0	0.0	0.0	0.0	0.0	0.0	0.0	0.0	0.0	0.0	0.0	11.024952973757252	0.0	0.0	0.0	0.0	6.848653332168908	0.0	0.0	0.0	0.0	0.0	9.955356678933835	0.0	0.0	0.0	5.018112779376782	10.362019617343421	0.0	0.0	11.024952973757252	0.0	0.0	0.0	0.0	0.0	0.0	0.0	0.0	0.0	0.0	0.0	0.0	5.018112779377049	5.83661099030075	5.429993220457696	5.429993220457696	0.0	0.0	0.0	0.0	0.0	0.0	0.0	0.0	0.0	0.0	
0.0	0.0	0.0	0.0	0.0	0.17813150497614227	0.0	0.0	0.0	0.0	0.0	0.0	0.0	0.0	0.0	0.0	0.0	0.0	0.0	0.0	0.0	0.0	0.0	0.0	0.0	0.0	0.0	0.0	0.0	0.0	0.0	0.0	0.0	0.0	0.0	0.0	0.0	0.0	0.0	0.0	0.0	0.0	0.0	0.0	0.0	0.0	0.0	0.0	0.0	0.0	0.0	0.0	0.0	0.0	0.0	0.0	0.0	0.0	0.0	0.0	0.0	0.0	0.0	0.0	0.0	0.0	0.0	0.0	0.0	0.0	0.0	0.0	0.0	0.0	0.0	0.0	0.0	0.0	0.0	0.0	0.0	0.0	0.0	0.0	0.0	0.0	0.0	0.0	0.0	0.0	0.0	0.0	0.0	0.0	0.0	0.0	0.0	0.0	0.0	
0.0	0.0	0.0	0.0	0.0	0.0	0.985197374688429	0.0	0.0	0.0	0.0	0.0	0.0	0.0	0.0	0.0	0.0	0.0	0.0	0.0	0.0	0.0	0.0	0.0	0.0	0.0	0.0	0.0	5.295988149745012	0.0	0.0	0.0	0.0	0.0	0.0	0.0	0.0	0.0	0.0	0.0	0.0	0.0	0.0	0.0	0.0	5.803273529070285	0.0	0.0	0.0	0.0	0.0	5.2964824466370075	0.0	0.0	0.0	0.0	0.0	0.0	0.0	0.0	0.0	0.0	0.0	0.0	0.0	0.0	0.0	0.0	0.0	0.0	0.0	0.0	0.0	5.721043704138573	0.0	0.0	0.0	0.0	0.0	0.0	0.0	0.0	0.0	0.0	0.0	0.0	0.0	0.0	0.0	0.0	0.0	5.952802967121329	0.0	0.0	0.0	5.8032735290701964	0.0	0.0	0.0	
6.460032994841303	0.0	0.0	0.0	0.0	0.0	0.0	1.1490525635547755	0.0	0.0	0.0	0.0	0.0	0.0	0.0	0.0	0.0	0.0	0.0	0.0	0.0	0.0	9.631491568030714	0.0	0.0	5.505262175050163	0.0	0.0	0.0	0.0	0.0	0.0	0.0	5.365606917822197	5.59284465455363	0.0	0.0	0.0	7.992145003696294	5.820045458649492	10.036381349075896	0.0	0.0	0.0	0.0	0.0	0.0	0.0	0.0	0.0	0.0	5.076782316333439	0.0	9.631491568030537	0.0	0.0	0.0	0.0	5.3960819119452275	0.0	0.0	0.0	0.0	0.0	10.036381349075985	5.274912930648901	0.0	0.0	5.820045458649492	10.061348058181352	0.0	0.0	9.631491568030714	5.975352264814315	0.0	0.0	0.0	5.544624837580692	0.0	0.0	0.0	0.0	0.0	0.0	7.114586177093862	5.82004545864967	0.0	5.59284465455363	5.59284465455363	0.0	0.0	0.0	0.0	0.0	0.0	0.0	0.0	0.0	6.776629444497084	
0.0	0.0	0.0	0.0	0.0	0.0	0.0	0.0	0.310085236544988	0.0	0.0	0.0	0.0	0.0	0.0	0.0	0.0	0.0	0.0	0.0	5.184811582410864	0.0	0.0	0.0	0.0	0.0	0.0	0.0	0.0	0.0	0.0	0.0	0.0	0.0	0.0	0.0	0.0	0.0	0.0	0.0	0.0	0.0	0.0	0.0	0.0	0.0	0.0	0.0	0.0	0.0	0.0	0.0	0.0	0.0	0.0	0.0	5.304254738965897	5.16324403965025	0.0	0.0	0.0	0.0	0.0	0.0	0.0	0.0	0.0	0.0	0.0	0.0	0.0	0.0	0.0	0.0	0.0	0.0	0.0	0.0	0.0	0.0	5.304693173509056	0.0	0.0	0.0	0.0	0.0	0.0	0.0	0.0	0.0	0.0	0.0	0.0	9.960268279438633	0.0	0.0	0.0	0.0	0.0	
0.0	0.0	0.0	0.0	0.0	0.0	0.0	0.0	0.0	0.06459316002200843	0.0	0.0	0.0	0.0	0.0	0.0	0.0	0.0	0.0	0.0	0.0	0.0	0.0	0.0	0.0	0.0	0.0	0.0	0.0	0.0	0.0	0.0	0.0	8.385958519107195	0.0	0.0	0.0	0.0	0.0	0.0	0.0	0.0	0.0	5.68365174968708	0.0	0.0	0.0	0.0	0.0	0.0	0.0	0.0	0.0	0.0	0.0	0.0	0.0	0.0	0.0	0.0	0.0	0.0	0.0	0.0	0.0	0.0	0.0	0.0	0.0	0.0	0.0	0.0	0.0	0.0	0.0	0.0	0.0	0.0	0.0	0.0	0.0	0.0	0.0	0.0	0.0	0.0	0.0	0.0	0.0	0.0	0.0	0.0	0.0	0.0	0.0	0.0	0.0	0.0	0.0	
0.0	0.0	0.0	0.0	0.0	0.0	0.0	0.0	0.0	0.0	2.9487770645370226	0.0	0.0	0.0	0.0	0.0	0.0	0.0	0.0	0.0	0.0	0.0	0.0	0.0	0.0	0.0	0.0	0.0	0.0	0.0	0.0	0.0	0.0	0.0	0.0	5.870261203769145	0.0	0.0	0.0	0.0	0.0	0.0	0.0	0.0	0.0	0.0	6.806107853570742	0.0	0.0	0.0	0.0	0.0	0.0	0.0	0.0	5.145166199499318	0.0	0.0	0.0	0.0	0.0	0.0	0.0	0.0	0.0	0.0	0.0	0.0	0.0	0.0	0.0	0.0	0.0	0.0	0.0	0.0	0.0	0.0	0.0	0.0	0.0	0.0	0.0	0.0	5.545736780602928	0.0	0.0	0.0	0.0	0.0	0.0	0.0	0.0	0.0	0.0	0.0	0.0	0.0	0.0	
0.0	0.0	0.0	0.0	0.0	0.0	0.0	0.0	0.0	0.0	0.0	1.1003685794043427	0.0	0.0	0.0	0.0	0.0	0.0	0.0	0.0	0.0	0.0	0.0	0.0	0.0	0.0	0.0	0.0	0.0	0.0	0.0	0.0	0.0	0.0	0.0	0.0	0.0	0.0	0.0	0.0	0.0	0.0	0.0	0.0	0.0	0.0	0.0	0.0	0.0	0.0	0.0	0.0	0.0	0.0	0.0	0.0	0.0	0.0	0.0	0.0	0.0	0.0	0.0	0.0	0.0	0.0	0.0	0.0	0.0	0.0	0.0	0.0	0.0	0.0	0.0	0.0	0.0	0.0	0.0	0.0	0.0	0.0	0.0	0.0	0.0	0.0	5.098307346117581	0.0	0.0	0.0	0.0	0.0	0.0	0.0	0.0	0.0	0.0	0.0	0.0	
0.0	0.0	0.0	0.0	0.0	0.0	0.0	0.0	0.0	0.0	0.0	0.0	3.9258161550710824	0.0	0.0	0.0	0.0	0.0	0.0	0.0	0.0	0.0	0.0	0.0	0.0	0.0	0.0	0.0	0.0	0.0	0.0	0.0	0.0	0.0	0.0	0.0	0.0	0.0	0.0	0.0	0.0	0.0	0.0	0.0	0.0	0.0	0.0	0.0	0.0	0.0	0.0	0.0	0.0	0.0	0.0	0.0	0.0	0.0	0.0	0.0	0.0	0.0	0.0	0.0	0.0	0.0	0.0	0.0	0.0	0.0	0.0	0.0	0.0	0.0	0.0	0.0	0.0	0.0	0.0	0.0	0.0	0.0	0.0	0.0	0.0	0.0	6.100291569340888	0.0	0.0	0.0	0.0	0.0	0.0	0.0	0.0	0.0	0.0	0.0	0.0	
0.0	0.0	0.0	0.0	0.0	0.0	0.0	0.0	0.0	0.0	0.0	0.0	0.0	1.1003685794043871	0.0	0.0	0.0	0.0	0.0	0.0	0.0	0.0	0.0	0.0	0.0	0.0	0.0	0.0	0.0	0.0	0.0	0.0	0.0	0.0	0.0	0.0	0.0	0.0	0.0	0.0	0.0	0.0	0.0	0.0	0.0	0.0	0.0	0.0	0.0	0.0	0.0	0.0	0.0	0.0	0.0	0.0	0.0	0.0	0.0	0.0	0.0	0.0	0.0	0.0	0.0	0.0	0.0	0.0	0.0	0.0	0.0	0.0	0.0	0.0	0.0	0.0	0.0	0.0	0.0	0.0	0.0	0.0	0.0	0.0	0.0	0.0	5.098307346117492	0.0	0.0	0.0	0.0	0.0	0.0	0.0	0.0	0.0	0.0	0.0	0.0	
0.0	0.0	0.0	0.0	0.0	0.0	0.0	0.0	0.0	0.0	0.0	0.0	0.0	0.0	1.967132019547524	0.0	0.0	0.0	0.0	0.0	0.0	0.0	0.0	0.0	0.0	0.0	0.0	0.0	0.0	0.0	6.365534487660485	0.0	0.0	0.0	0.0	0.0	0.0	0.0	0.0	0.0	0.0	0.0	0.0	0.0	0.0	0.0	0.0	0.0	0.0	0.0	0.0	0.0	0.0	0.0	0.0	0.0	0.0	0.0	0.0	0.0	0.0	0.0	0.0	0.0	0.0	0.0	0.0	0.0	0.0	0.0	0.0	0.0	0.0	0.0	0.0	0.0	0.0	0.0	0.0	0.0	5.040304854984523	0.0	0.0	0.0	5.212303036267807	0.0	8.939487707863547	0.0	0.0	0.0	0.0	0.0	0.0	0.0	0.0	0.0	0.0	0.0	0.0	
0.0	0.0	0.0	0.0	0.0	0.0	0.0	0.0	0.0	0.0	0.0	0.0	0.0	0.0	0.0	2.99031301487247	0.0	0.0	0.0	0.0	0.0	0.0	5.538773843558076	0.0	0.0	0.0	0.0	5.2029289077552665	0.0	0.0	0.0	0.0	0.0	0.0	6.017731607055499	0.0	0.0	0.0	7.126582650930224	5.9759917032987	5.448987952574225	6.918715717681989	0.0	0.0	0.0	5.9218128286781635	0.0	0.0	0.0	0.0	0.0	5.982885758439238	0.0	5.538773843558076	5.614229864082221	5.311495241697983	0.0	0.0	5.283001325164616	0.0	0.0	0.0	0.0	0.0	5.448987952574047	0.0	0.0	0.0	5.9759917032987	5.433526324707838	0.0	0.0	5.538773843558076	0.0	0.0	0.0	0.0	0.0	0.0	0.0	0.0	0.0	0.0	0.0	0.0	5.9759917032987	0.0	6.017731607055499	6.017731607055499	0.0	0.0	0.0	0.0	0.0	8.310803962372493	5.9218128286781635	0.0	0.0	0.0	
5.651183152423034	0.0	0.0	0.0	0.0	0.0	0.0	0.0	0.0	0.0	0.0	0.0	0.0	0.0	0.0	0.0	0.17481114491939564	0.0	0.0	0.0	0.0	0.0	0.0	0.0	0.0	5.444567426882241	0.0	0.0	0.0	0.0	0.0	0.0	0.0	5.520252445124552	8.284672891144051	0.0	0.0	0.0	0.0	9.415456180597648	0.0	0.0	0.0	0.0	0.0	0.0	0.0	0.0	6.164556600402182	0.0	0.0	0.0	0.0	0.0	0.0	0.0	0.0	0.0	0.0	0.0	0.0	0.0	0.0	0.0	0.0	0.0	0.0	0.0	9.415456180597825	0.0	0.0	0.0	0.0	0.0	0.0	0.0	0.0	0.0	0.0	0.0	0.0	0.0	0.0	0.0	0.0	9.415456180597914	0.0	8.284672891144051	8.284672891144051	0.0	0.0	0.0	0.0	0.0	0.0	0.0	0.0	0.0	7.13230427657896	
0.0	0.0	0.0	0.0	0.0	0.0	0.0	0.0	0.0	0.0	0.0	0.0	0.0	0.0	0.0	0.0	0.0	0.899936875103724	0.0	0.0	0.0	0.0	8.126532037776935	0.0	0.0	0.0	0.0	0.0	0.0	0.0	0.0	0.0	0.0	0.0	0.0	0.0	0.0	0.0	0.0	0.0	8.164391226129553	0.0	0.0	0.0	0.0	0.0	0.0	0.0	0.0	0.0	0.0	0.0	0.0	8.12653203777689	0.0	0.0	0.0	0.0	0.0	0.0	0.0	0.0	0.0	0.0	8.164391226129508	0.0	0.0	0.0	0.0	8.234685157021149	0.0	0.0	8.126532037776935	0.0	0.0	0.0	0.0	0.0	0.0	0.0	0.0	0.0	0.0	0.0	0.0	0.0	0.0	0.0	0.0	0.0	0.0	0.0	0.0	0.0	0.0	0.0	0.0	0.0	0.0	
0.0	0.0	0.0	0.0	0.0	0.0	0.0	0.0	0.0	0.0	0.0	0.0	0.0	0.0	0.0	0.0	0.0	0.0	1.9433155006502112	0.0	0.0	0.0	5.3129215823102705	0.0	0.0	0.0	0.0	0.0	0.0	0.0	0.0	0.0	7.307312290541512	6.876939517506431	0.0	9.860117180209915	0.0	0.0	0.0	0.0	5.301605931889863	0.0	0.0	0.0	0.0	0.0	0.0	0.0	0.0	0.0	0.0	0.0	0.0	5.312921582310004	0.0	0.0	0.0	0.0	5.3699798740282745	0.0	0.0	0.0	6.2602025284148155	0.0	5.301605931889863	0.0	0.0	0.0	0.0	5.132905358666484	0.0	0.0	5.3129215823102705	0.0	0.0	0.0	0.0	0.0	0.0	5.916319052093444	0.0	0.0	6.2708529562635285	0.0	0.0	0.0	0.0	0.0	0.0	0.0	0.0	5.2824039614768115	0.0	0.0	5.3795123829134095	0.0	0.0	0.0	7.834549638214794	
0.0	0.0	0.0	0.0	0.0	0.0	0.0	0.0	0.0	0.0	0.0	0.0	0.0	0.0	0.0	0.0	0.0	0.0	0.0	0.3100852365450102	0.0	0.0	0.0	0.0	0.0	0.0	0.0	0.0	9.092518901970026	0.0	0.0	0.0	0.0	7.383304041131167	0.0	0.0	0.0	0.0	0.0	0.0	0.0	0.0	0.0	0.0	0.0	0.0	0.0	0.0	0.0	0.0	0.0	0.0	0.0	0.0	0.0	0.0	0.0	0.0	0.0	0.0	0.0	0.0	0.0	0.0	0.0	0.0	0.0	0.0	0.0	0.0	0.0	0.0	0.0	0.0	0.0	0.0	0.0	0.0	0.0	0.0	0.0	0.0	0.0	0.0	0.0	0.0	0.0	0.0	0.0	0.0	0.0	0.0	0.0	0.0	0.0	0.0	0.0	0.0	0.0	
0.0	0.0	0.0	0.0	0.0	0.0	0.0	0.0	5.184811582410864	0.0	0.0	0.0	0.0	0.0	0.0	0.0	0.0	0.0	0.0	0.0	0.259836526862367	0.0	0.0	0.0	0.0	0.0	0.0	0.0	0.0	0.0	0.0	0.0	0.0	0.0	0.0	0.0	0.0	0.0	0.0	0.0	0.0	0.0	0.0	0.0	0.0	5.5201728445577025	0.0	0.0	0.0	0.0	0.0	5.0083124444276095	0.0	0.0	0.0	0.0	0.0	0.0	0.0	0.0	0.0	0.0	0.0	0.0	0.0	0.0	0.0	0.0	0.0	0.0	0.0	0.0	0.0	0.0	0.0	0.0	0.0	0.0	0.0	0.0	0.0	0.0	0.0	0.0	5.037547332565184	0.0	6.041115530608465	0.0	0.0	0.0	0.0	0.0	0.0	0.0	0.0	5.5201728445577025	0.0	0.0	0.0	
6.906379682189057	0.0	0.0	0.0	0.0	0.0	0.0	0.0	0.0	0.0	0.0	0.0	0.0	0.0	0.0	0.0	0.0	0.0	0.0	0.0	0.0	0.21624173790697476	0.0	0.0	0.0	0.0	0.0	0.0	0.0	0.0	0.0	0.0	0.0	6.447442994631425	9.665301541295168	0.0	0.0	0.0	0.0	10.287972409084034	5.135888952166212	0.0	0.0	0.0	0.0	0.0	0.0	0.0	0.0	0.0	0.0	0.0	0.0	0.0	0.0	0.0	0.0	0.0	0.0	0.0	0.0	0.0	0.0	0.0	5.1358889521660345	0.0	0.0	0.0	10.287972409084034	0.0	0.0	0.0	0.0	0.0	0.0	0.0	0.0	0.0	0.0	0.0	0.0	0.0	0.0	0.0	0.0	10.287972409084034	0.0	9.665301541295168	9.665301541295168	0.0	0.0	0.0	0.0	0.0	0.0	0.0	0.0	0.0	5.079220003079188	
8.971588297450594	0.0	0.0	0.0	11.02495297375743	0.0	0.0	9.631491568030714	0.0	0.0	0.0	0.0	0.0	0.0	0.0	5.538773843558253	0.0	8.126532037776979	5.3129215823102705	0.0	0.0	0.0	2.084021486132137	0.0	0.0	0.0	0.0	0.0	8.441785434852012	6.632458269058716	5.913343647225844	0.0	0.0	8.059151747828786	0.0	0.0	0.0	0.0	0.0	0.0	0.0	6.116550844956059	6.096625237464659	5.044629215804619	0.0	0.0	0.0	7.028192791384935	0.0	0.0	0.0	0.0	0.0	0.0	0.0	6.105793885578947	0.0	0.0	0.0	6.793994701727879	0.0	0.0	6.969764452034877	0.0	0.0	0.0	0.0	0.0	0.0	0.0	5.17099677908841	0.0	0.0	5.8798033896370505	0.0	0.0	0.0	0.0	0.0	0.0	0.0	0.0	13.460793824021255	0.0	9.076119252721604	0.0	6.350812441146214	0.0	0.0	0.0	0.0	0.0	0.0	5.859016175533149	0.0	0.0	5.050773803222297	0.0	6.356900106799301	
0.0	0.0	0.0	0.0	0.0	0.0	0.0	0.0	0.0	0.0	0.0	0.0	0.0	0.0	0.0	0.0	0.0	0.0	0.0	0.0	0.0	0.0	0.0	0.15353531495760908	0.0	0.0	0.0	0.0	0.0	0.0	5.347244460133904	0.0	0.0	0.0	0.0	0.0	0.0	0.0	0.0	0.0	0.0	0.0	0.0	0.0	0.0	0.0	0.0	0.0	0.0	0.0	0.0	0.0	0.0	0.0	0.0	0.0	0.0	0.0	0.0	0.0	0.0	0.0	0.0	0.0	0.0	0.0	0.0	0.0	0.0	0.0	0.0	0.0	0.0	0.0	0.0	0.0	0.0	0.0	0.0	0.0	0.0	0.0	0.0	0.0	0.0	0.0	0.0	0.0	0.0	0.0	0.0	0.0	0.0	0.0	0.0	0.0	0.0	0.0	0.0	
0.0	0.0	0.0	0.0	0.0	0.0	0.0	0.0	0.0	0.0	0.0	0.0	0.0	0.0	0.0	0.0	0.0	0.0	0.0	0.0	0.0	0.0	0.0	0.0	2.8462698411345855	0.0	0.0	0.0	0.0	0.0	0.0	0.0	0.0	0.0	0.0	0.0	0.0	0.0	0.0	0.0	0.0	0.0	0.0	0.0	0.0	0.0	0.0	0.0	0.0	0.0	0.0	6.104191206389675	0.0	0.0	0.0	0.0	0.0	0.0	0.0	0.0	0.0	0.0	0.0	0.0	0.0	0.0	0.0	0.0	0.0	0.0	0.0	0.0	0.0	0.0	0.0	0.0	0.0	0.0	0.0	0.0	0.0	0.0	0.0	0.0	5.264453673611946	0.0	0.0	0.0	0.0	0.0	0.0	0.0	0.0	0.0	0.0	0.0	0.0	0.0	5.315065703294586	
0.0	0.0	0.0	0.0	0.0	0.0	0.0	5.505262175050252	0.0	0.0	0.0	0.0	0.0	0.0	0.0	0.0	5.444567426882241	0.0	0.0	0.0	0.0	0.0	0.0	0.0	0.0	0.7232629518825195	0.0	0.0	5.78961023987663	0.0	0.0	0.0	0.0	0.0	0.0	0.0	0.0	0.0	0.0	0.0	0.0	0.0	0.0	0.0	0.0	0.0	0.0	0.0	0.0	0.0	0.0	0.0	0.0	0.0	0.0	0.0	0.0	0.0	0.0	5.348603653779094	0.0	0.0	0.0	0.0	0.0	0.0	0.0	0.0	0.0	0.0	0.0	0.0	0.0	0.0	0.0	0.0	0.0	0.0	0.0	0.0	0.0	0.0	0.0	0.0	0.0	0.0	0.0	0.0	0.0	0.0	0.0	0.0	0.0	0.0	0.0	0.0	0.0	0.0	0.0	
0.0	0.0	0.0	0.0	0.0	0.0	0.0	0.0	0.0	0.0	0.0	0.0	0.0	0.0	0.0	0.0	0.0	0.0	0.0	0.0	0.0	0.0	0.0	0.0	0.0	0.0	2.3618639763247185	0.0	0.0	0.0	0.0	0.0	0.0	0.0	0.0	0.0	0.0	0.0	0.0	0.0	0.0	0.0	0.0	0.0	0.0	0.0	0.0	5.070662661062864	0.0	0.0	0.0	0.0	0.0	0.0	0.0	0.0	0.0	0.0	0.0	0.0	0.0	0.0	0.0	0.0	0.0	0.0	0.0	0.0	0.0	0.0	0.0	0.0	0.0	0.0	0.0	0.0	0.0	0.0	0.0	0.0	0.0	0.0	0.0	0.0	0.0	0.0	0.0	0.0	0.0	0.0	0.0	0.0	0.0	0.0	0.0	0.0	0.0	0.0	0.0	
9.287632045358718	0.0	0.0	0.0	0.0	0.0	0.0	0.0	0.0	0.0	0.0	0.0	0.0	0.0	0.0	5.2029289077554886	0.0	0.0	0.0	0.0	0.0	0.0	0.0	0.0	0.0	0.0	0.0	0.5970389050970581	0.0	0.0	0.0	0.0	0.0	0.0	0.0	0.0	0.0	0.0	0.0	0.0	0.0	0.0	0.0	0.0	0.0	0.0	0.0	0.0	0.0	0.0	0.0	0.0	0.0	0.0	0.0	0.0	0.0	0.0	0.0	0.0	0.0	0.0	0.0	0.0	0.0	0.0	0.0	0.0	0.0	0.0	0.0	0.0	0.0	0.0	0.0	0.0	0.0	0.0	0.0	0.0	0.0	0.0	0.0	0.0	0.0	0.0	5.07855688510559	0.0	0.0	0.0	0.0	0.0	0.0	0.0	0.0	0.0	0.0	0.0	0.0	
0.0	0.0	0.0	0.0	5.954525065224159	0.0	5.295988149745057	0.0	0.0	0.0	0.0	0.0	0.0	0.0	0.0	0.0	0.0	0.0	0.0	9.092518901969937	0.0	0.0	8.441785434852278	0.0	0.0	5.789610239876497	0.0	0.0	1.0391684526937173	0.0	5.166236075280928	0.0	0.0	0.0	7.619081305690756	0.0	5.475989299192996	0.0	6.915692501287829	7.706760682845282	8.458234298417278	0.0	0.0	7.334373052904919	9.481298004515537	5.430440166183281	0.0	0.0	0.0	0.0	0.0	5.057969012332997	0.0	8.4417854348521	0.0	0.0	0.0	0.0	0.0	0.0	0.0	0.0	0.0	0.0	8.458234298417189	6.362671635442174	0.0	0.0	7.706760682845548	7.237230693316121	0.0	0.0	8.441785434852278	6.944768928018874	0.0	0.0	0.0	0.0	0.0	0.0	0.0	0.0	0.0	0.0	5.365009254273589	7.706760682845459	0.0	7.619081305690756	7.619081305690756	0.0	0.0	0.0	0.0	0.0	0.0	5.43044016618337	0.0	0.0	9.593194823670759	
0.0	0.0	0.0	0.0	0.0	0.0	0.0	0.0	0.0	0.0	0.0	0.0	0.0	0.0	0.0	0.0	0.0	0.0	0.0	0.0	0.0	0.0	6.632458269058716	0.0	0.0	0.0	0.0	0.0	0.0	0.07743611763753044	0.0	0.0	0.0	0.0	5.119981239661087	0.0	0.0	5.294986851384742	0.0	5.134425767330075	6.613726119160379	0.0	0.0	0.0	0.0	0.0	0.0	0.0	0.0	0.0	0.0	0.0	0.0	6.632458269058805	0.0	0.0	0.0	0.0	0.0	0.0	0.0	0.0	5.0502244170606225	0.0	6.613726119160379	0.0	0.0	0.0	5.134425767330075	6.561965082970822	0.0	0.0	6.632458269058716	0.0	0.0	5.234821219397245	0.0	0.0	0.0	0.0	0.0	0.0	0.0	5.193659714181598	0.0	5.134425767330164	0.0	5.119981239661087	5.119981239661087	0.0	0.0	0.0	0.0	0.0	0.0	0.0	0.0	0.0	0.0	
0.0	0.0	0.0	0.0	0.0	0.0	0.0	0.0	0.0	0.0	0.0	0.0	0.0	0.0	6.365534487660485	0.0	0.0	0.0	0.0	0.0	0.0	0.0	5.913343647225755	5.347244460134037	0.0	0.0	0.0	0.0	5.166236075281017	0.0	0.6229751540199224	0.0	0.0	0.0	5.423390152988716	0.0	0.0	0.0	7.230642796362474	5.1912858795998496	7.694177016870718	0.0	5.0312395316927105	0.0	0.0	0.0	0.0	0.0	0.0	0.0	0.0	0.0	9.42924588704166	5.913343647225577	0.0	6.167516099139414	0.0	0.0	0.0	0.0	0.0	0.0	0.0	0.0	7.69417701687054	0.0	0.0	0.0	5.191285879599672	5.863425362656116	0.0	0.0	5.913343647225755	0.0	0.0	0.0	0.0	0.0	0.0	0.0	0.0	0.0	0.0	0.0	0.0	5.191285879599761	0.0	5.423390152988716	5.423390152988716	0.0	0.0	0.0	0.0	0.0	0.0	0.0	0.0	0.0	0.0	
0.0	0.0	0.0	0.0	0.0	0.0	0.0	0.0	0.0	0.0	0.0	0.0	0.0	0.0	0.0	0.0	0.0	0.0	0.0	0.0	0.0	0.0	0.0	0.0	0.0	0.0	0.0	0.0	0.0	0.0	0.0	0.05840543888053773	0.0	0.0	0.0	0.0	0.0	0.0	0.0	0.0	0.0	0.0	0.0	0.0	0.0	0.0	0.0	0.0	0.0	0.0	0.0	0.0	0.0	0.0	0.0	0.0	0.0	0.0	0.0	0.0	0.0	0.0	0.0	0.0	0.0	0.0	0.0	0.0	0.0	0.0	0.0	0.0	0.0	0.0	0.0	0.0	0.0	0.0	0.0	0.0	0.0	0.0	0.0	0.0	0.0	0.0	0.0	0.0	0.0	0.0	0.0	0.0	0.0	0.0	0.0	0.0	0.0	0.0	0.0	
0.0	0.0	0.0	0.0	0.0	0.0	0.0	0.0	0.0	0.0	0.0	0.0	0.0	0.0	0.0	0.0	0.0	0.0	7.307312290541468	0.0	0.0	0.0	0.0	0.0	0.0	0.0	0.0	0.0	0.0	0.0	0.0	0.0	1.4095578728382074	6.189985198539016	0.0	0.0	0.0	0.0	0.0	0.0	0.0	0.0	0.0	5.21761148793729	0.0	0.0	0.0	0.0	0.0	0.0	0.0	0.0	0.0	0.0	0.0	0.0	0.0	6.281676356727228	0.0	0.0	0.0	0.0	0.0	0.0	0.0	0.0	0.0	0.0	0.0	0.0	0.0	0.0	0.0	0.0	0.0	0.0	0.0	0.0	0.0	0.0	0.0	0.0	0.0	0.0	0.0	0.0	0.0	0.0	0.0	0.0	0.0	0.0	0.0	0.0	0.0	0.0	0.0	0.0	0.0	
0.0	0.0	0.0	6.442954066568118	0.0	0.0	0.0	5.36560691782233	0.0	8.385958519107461	0.0	0.0	0.0	0.0	0.0	0.0	5.520252445124285	0.0	6.876939517506475	7.383304041131078	0.0	6.447442994631558	8.059151747828874	0.0	0.0	0.0	0.0	0.0	0.0	0.0	0.0	0.0	6.189985198538972	0.6172837235357775	0.0	0.0	6.731894401838545	0.0	5.6184758684660885	0.0	7.638817821598565	5.239176527403577	0.0	8.783703953777788	8.112926433624912	0.0	0.0	0.0	0.0	0.0	0.0	0.0	0.0	8.059151747828874	0.0	0.0	0.0	0.0	0.0	5.066256767262578	0.0	0.0	0.0	0.0	7.638817821598298	0.0	0.0	0.0	0.0	7.939877892614167	0.0	0.0	8.059151747828874	0.0	0.0	0.0	0.0	5.096633348213775	5.650824666684073	0.0	0.0	0.0	0.0	0.0	0.0	0.0	0.0	0.0	0.0	0.0	0.0	0.0	0.0	0.0	0.0	0.0	0.0	0.0	6.15166714234352	
5.431201978717404	0.0	0.0	9.757515099034642	5.429993220457696	0.0	0.0	5.5928446545535415	0.0	0.0	0.0	0.0	0.0	0.0	0.0	6.017731607055499	8.28467289114414	0.0	0.0	0.0	0.0	9.665301541295168	0.0	0.0	0.0	0.0	0.0	0.0	7.6190813056909334	5.119981239660998	5.423390152988894	0.0	0.0	0.0	1.9705109068403281	0.0	8.445602175786515	0.0	0.0	0.0	0.0	5.8390045119795175	6.799287597942261	0.0	5.15705873840413	0.0	0.0	9.371636542953965	0.0	0.0	0.0	0.0	0.0	0.0	0.0	5.723449907825406	0.0	0.0	0.0	7.056932298659824	0.0	5.20934030154061	0.0	0.0	0.0	0.0	0.0	0.0	0.0	0.0	0.0	0.0	0.0	7.935322294338043	0.0	0.0	0.0	0.0	0.0	0.0	0.0	0.0	5.606311836441069	5.050013417575094	6.663332343031048	0.0	0.0	0.0	0.0	0.0	0.0	0.0	0.0	0.0	0.0	0.0	0.0	0.0	6.434270321266489	
0.0	0.0	0.0	0.0	0.0	0.0	0.0	0.0	0.0	0.0	5.8702612037693225	0.0	0.0	0.0	0.0	0.0	0.0	0.0	9.860117180210048	0.0	0.0	0.0	0.0	0.0	0.0	0.0	0.0	0.0	0.0	0.0	0.0	0.0	0.0	0.0	0.0	2.8342666247320736	5.500133560618181	6.5602376872731405	0.0	0.0	0.0	0.0	0.0	0.0	0.0	0.0	0.0	0.0	0.0	0.0	0.0	0.0	0.0	0.0	0.0	0.0	0.0	0.0	0.0	0.0	0.0	0.0	0.0	0.0	0.0	0.0	0.0	0.0	0.0	0.0	0.0	0.0	0.0	5.8600430520096225	0.0	0.0	0.0	0.0	0.0	0.0	0.0	0.0	0.0	0.0	0.0	0.0	5.501027883436738	0.0	0.0	0.0	0.0	5.245727381262011	0.0	0.0	0.0	0.0	0.0	0.0	5.292863711051687	
0.0	0.0	0.0	0.0	0.0	0.0	0.0	0.0	0.0	0.0	0.0	0.0	0.0	0.0	0.0	0.0	0.0	0.0	0.0	0.0	0.0	0.0	0.0	0.0	0.0	0.0	0.0	0.0	5.475989299192996	0.0	0.0	0.0	0.0	6.731894401838634	8.445602175786338	5.500133560618181	0.24753292682224703	0.0	7.196293326924952	6.441798797753062	0.0	0.0	0.0	0.0	0.0	0.0	0.0	0.0	0.0	0.0	0.0	0.0	0.0	0.0	0.0	0.0	0.0	0.0	0.0	0.0	0.0	0.0	0.0	0.0	0.0	0.0	0.0	0.0	6.441798797752973	0.0	0.0	0.0	0.0	0.0	0.0	0.0	0.0	0.0	0.0	0.0	0.0	0.0	0.0	0.0	0.0	6.4417987977528846	0.0	8.445602175786338	8.445602175786338	0.0	0.0	5.380622943066582	0.0	0.0	0.0	0.0	0.0	0.0	0.0	
0.0	0.0	0.0	0.0	5.006024703497269	0.0	0.0	0.0	0.0	0.0	0.0	0.0	0.0	0.0	0.0	0.0	0.0	0.0	0.0	0.0	0.0	0.0	0.0	0.0	0.0	0.0	0.0	0.0	0.0	5.294986851384831	0.0	0.0	0.0	0.0	0.0	6.560237687273229	0.0	0.48090710255523916	7.817598899923084	0.0	0.0	0.0	0.0	0.0	0.0	0.0	0.0	0.0	0.0	0.0	0.0	0.0	0.0	0.0	0.0	0.0	0.0	0.0	0.0	0.0	0.0	0.0	0.0	0.0	0.0	0.0	0.0	0.0	0.0	0.0	0.0	0.0	0.0	0.0	0.0	0.0	0.0	0.0	0.0	0.0	0.0	0.0	5.981065898400972	8.92622404836052	0.0	0.0	0.0	0.0	0.0	0.0	0.0	0.0	0.0	0.0	0.0	0.0	0.0	0.0	0.0	
9.117659070006212	0.0	0.0	0.0	5.52359897378758	0.0	0.0	7.992145003696205	0.0	0.0	0.0	0.0	0.0	0.0	0.0	7.126582650930224	0.0	0.0	0.0	0.0	0.0	0.0	0.0	0.0	0.0	0.0	0.0	0.0	6.91569250128774	0.0	7.230642796362652	0.0	0.0	5.618475868466177	0.0	0.0	7.196293326925041	7.817598899923173	1.4436211257859544	0.0	0.0	10.30066900398836	5.171996417176006	6.190571355603058	0.0	0.0	0.0	0.0	0.0	0.0	0.0	0.0	0.0	0.0	0.0	5.712049342335179	5.26790013336238	0.0	0.0	8.456026494763158	0.0	0.0	6.443423532597858	0.0	0.0	0.0	0.0	0.0	0.0	0.0	0.0	0.0	0.0	6.304415133335173	0.0	7.00763605171395	5.1744679897201	0.0	5.3390580633796425	0.0	5.157541007238109	0.0	0.0	0.0	7.339667341652145	0.0	0.0	0.0	0.0	0.0	0.0	0.0	0.0	0.0	0.0	0.0	6.030964348561962	0.0	6.399732079170217	
6.425864050548746	0.0	0.0	10.380185966823507	5.018112779376871	0.0	0.0	5.8200454586497585	0.0	0.0	0.0	0.0	0.0	0.0	0.0	5.975991703298789	9.415456180598003	0.0	0.0	0.0	0.0	10.287972409084034	0.0	0.0	0.0	0.0	0.0	0.0	7.706760682845637	5.134425767329898	5.191285879600027	0.0	0.0	0.0	0.0	0.0	6.441798797753062	0.0	0.0	1.9433327158493885	0.0	5.783523015197289	7.220431136531191	0.0	5.171742232778609	0.0	0.0	9.339247737214507	0.0	0.0	0.0	0.0	0.0	0.0	0.0	5.862984088982737	0.0	0.0	0.0	7.548940395984172	0.0	0.0	0.0	0.0	0.0	0.0	0.0	0.0	0.0	0.0	0.0	0.0	0.0	8.18709407066276	0.0	0.0	0.0	0.0	0.0	0.0	0.0	0.0	7.076717084694462	5.6329556827583005	6.7259058777277225	0.0	0.0	0.0	0.0	0.0	0.0	0.0	0.0	0.0	0.0	0.0	0.0	0.0	6.365153457878137	
9.440408697888358	0.0	0.0	5.388469223657566	9.955356678933658	0.0	0.0	10.036381349075985	0.0	0.0	0.0	0.0	0.0	0.0	0.0	5.448987952574225	0.0	8.164391226129597	5.301605931889952	0.0	0.0	5.135888952166212	0.0	0.0	0.0	0.0	0.0	0.0	8.458234298417366	6.613726119160379	7.694177016870629	0.0	0.0	7.638817821598387	0.0	0.0	0.0	0.0	0.0	0.0	2.0895554274217076	6.08716553118871	6.986211776146067	5.04624036224719	0.0	0.0	0.0	6.995696094347981	0.0	0.0	0.0	0.0	0.0	0.0	0.0	6.228753279596333	0.0	0.0	0.0	7.5296092013691585	0.0	0.0	6.783251116046163	0.0	0.0	0.0	0.0	0.0	0.0	0.0	5.191796223791512	0.0	0.0	6.808787129817606	0.0	5.34938193360901	0.0	0.0	0.0	0.0	0.0	0.0	10.200039474872646	0.0	8.83231281226502	0.0	6.412351005913308	0.0	0.0	0.0	0.0	0.0	0.0	5.828252187261285	0.0	0.0	5.06308698777862	0.0	6.231950287464905	
0.0	0.0	0.0	0.0	0.0	0.0	0.0	0.0	0.0	0.0	0.0	0.0	0.0	0.0	0.0	6.918715717681989	0.0	0.0	0.0	0.0	0.0	0.0	6.116550844956059	0.0	0.0	0.0	0.0	0.0	0.0	0.0	0.0	0.0	0.0	5.239176527403533	5.8390045119795175	0.0	0.0	0.0	10.300669003988538	5.783523015197556	6.087165531188798	1.7418014083967925	0.0	0.0	0.0	6.447362399558099	0.0	0.0	0.0	0.0	0.0	7.061244405506573	0.0	6.116550844956059	0.0	0.0	0.0	0.0	0.0	0.0	0.0	0.0	0.0	0.0	6.087165531188532	0.0	0.0	0.0	5.783523015197289	6.303506637114165	0.0	0.0	6.116550844956059	0.0	0.0	0.0	0.0	0.0	0.0	0.0	0.0	0.0	0.0	0.0	0.0	5.783523015197467	0.0	5.8390045119795175	5.8390045119795175	0.0	0.0	0.0	0.0	0.0	0.0	6.447362399558099	0.0	0.0	0.0	
0.0	0.0	0.0	0.0	0.0	0.0	0.0	0.0	0.0	0.0	0.0	0.0	0.0	0.0	0.0	0.0	0.0	0.0	0.0	0.0	0.0	0.0	6.09662523746457	0.0	0.0	0.0	0.0	0.0	0.0	0.0	5.0312395316927105	0.0	0.0	0.0	6.799287597942216	0.0	0.0	0.0	5.171996417175917	7.220431136531147	6.986211776146201	0.0	0.2546016771870274	0.0	0.0	0.0	0.0	0.0	0.0	0.0	0.0	0.0	0.0	6.096625237464615	0.0	0.0	0.0	0.0	0.0	0.0	0.0	0.0	0.0	0.0	6.986211776146156	0.0	0.0	0.0	7.220431136531236	5.901188686592729	0.0	0.0	6.09662523746457	0.0	0.0	0.0	0.0	0.0	0.0	0.0	0.0	0.0	0.0	0.0	0.0	7.220431136531191	0.0	6.799287597942216	6.799287597942216	0.0	0.0	0.0	0.0	0.0	5.138899864588131	0.0	0.0	0.0	0.0	
0.0	0.0	0.0	0.0	0.0	0.0	0.0	0.0	0.0	5.6836517496869465	0.0	0.0	0.0	0.0	0.0	0.0	0.0	0.0	0.0	0.0	0.0	0.0	5.0446292158044415	0.0	0.0	0.0	0.0	0.0	7.334373052904963	0.0	0.0	0.0	5.217611487937379	8.78370395377761	0.0	0.0	0.0	0.0	6.190571355603058	0.0	5.046240362247101	0.0	0.0	0.5401526555838032	0.0	0.0	0.0	5.075650259156417	0.0	0.0	0.0	0.0	0.0	5.0446292158044415	0.0	0.0	0.0	0.0	0.0	0.0	0.0	0.0	0.0	0.0	5.04624036224719	0.0	0.0	0.0	0.0	5.056971612002492	0.0	0.0	5.0446292158044415	0.0	0.0	0.0	0.0	0.0	0.0	0.0	0.0	0.0	0.0	0.0	0.0	0.0	0.0	0.0	0.0	0.0	0.0	5.874743441696628	0.0	0.0	0.0	0.0	0.0	0.0	0.0	
5.94766226404122	0.0	0.0	0.0	0.0	0.0	0.0	0.0	0.0	0.0	0.0	0.0	0.0	0.0	0.0	0.0	0.0	0.0	0.0	0.0	0.0	0.0	0.0	0.0	0.0	0.0	0.0	0.0	9.481298004515537	0.0	0.0	0.0	0.0	8.112926433624956	5.157058738403997	0.0	0.0	0.0	0.0	5.1717422327787865	0.0	0.0	0.0	0.0	0.14680126480262068	0.0	0.0	0.0	0.0	0.0	0.0	0.0	0.0	0.0	0.0	0.0	0.0	0.0	0.0	0.0	0.0	5.761118590431558	0.0	0.0	0.0	0.0	0.0	0.0	5.171742232778431	0.0	0.0	0.0	0.0	0.0	5.192551019422131	0.0	0.0	0.0	0.0	0.0	0.0	0.0	0.0	0.0	0.0	5.171742232778653	0.0	5.157058738403997	5.157058738403997	0.0	0.0	0.0	0.0	0.0	0.0	0.0	0.0	0.0	0.0	
5.653219375426044	0.0	0.0	0.0	0.0	0.0	5.803273529070374	0.0	0.0	0.0	0.0	0.0	0.0	0.0	0.0	5.921812828678252	0.0	0.0	0.0	0.0	5.520172844557791	0.0	0.0	0.0	0.0	0.0	0.0	0.0	5.430440166183281	0.0	0.0	0.0	0.0	0.0	0.0	0.0	0.0	0.0	0.0	0.0	0.0	6.447362399558099	0.0	0.0	0.0	1.876794431498574	5.737530868293472	0.0	6.171550772281664	0.0	0.0	0.0	0.0	0.0	0.0	0.0	0.0	0.0	0.0	0.0	0.0	6.725090258608368	0.0	0.0	0.0	0.0	0.0	0.0	0.0	0.0	0.0	0.0	0.0	6.397821908779111	0.0	0.0	0.0	5.3268807066732204	0.0	0.0	0.0	0.0	0.0	0.0	0.0	0.0	0.0	0.0	0.0	0.0	0.0	0.0	0.0	0.0	0.0	0.0	0.0	5.924772302854553	5.134982825342327	
0.0	0.0	0.0	0.0	0.0	0.0	0.0	0.0	0.0	0.0	6.806107853570786	0.0	0.0	0.0	0.0	0.0	0.0	0.0	0.0	0.0	0.0	0.0	0.0	0.0	0.0	0.0	0.0	0.0	0.0	0.0	0.0	0.0	0.0	0.0	0.0	0.0	0.0	0.0	0.0	0.0	0.0	0.0	0.0	0.0	0.0	5.737530868293561	2.2160399999612057	0.0	0.0	0.0	0.0	5.992315758573952	0.0	0.0	0.0	0.0	0.0	0.0	0.0	0.0	0.0	0.0	0.0	0.0	0.0	0.0	0.0	0.0	0.0	0.0	0.0	0.0	0.0	0.0	0.0	0.0	0.0	0.0	0.0	0.0	0.0	0.0	0.0	0.0	0.0	0.0	0.0	0.0	0.0	0.0	0.0	0.0	0.0	0.0	0.0	5.737530868293561	0.0	0.0	0.0	
0.0	0.0	0.0	0.0	0.0	0.0	0.0	0.0	0.0	0.0	0.0	0.0	0.0	0.0	0.0	0.0	0.0	0.0	0.0	0.0	0.0	0.0	7.028192791384935	0.0	0.0	0.0	5.070662661062819	0.0	0.0	0.0	0.0	0.0	0.0	0.0	9.371636542953965	0.0	0.0	0.0	0.0	9.339247737214507	6.995696094347981	0.0	0.0	5.075650259156417	0.0	0.0	0.0	0.09852283752023183	0.0	0.0	0.0	0.0	0.0	7.028192791384935	0.0	0.0	0.0	0.0	6.796758235768552	0.0	0.0	0.0	0.0	0.0	6.995696094347892	0.0	0.0	0.0	9.339247737214507	7.273321192837923	0.0	0.0	7.028192791384935	5.079830429222021	0.0	0.0	0.0	0.0	0.0	0.0	0.0	0.0	0.0	0.0	6.140154254373575	9.339247737214418	0.0	9.371636542953965	9.371636542953965	0.0	0.0	0.0	0.0	0.0	0.0	0.0	0.0	0.0	0.0	
0.0	0.0	0.0	0.0	0.0	0.0	0.0	0.0	0.0	0.0	0.0	0.0	0.0	0.0	0.0	0.0	6.164556600402227	0.0	0.0	0.0	0.0	0.0	0.0	0.0	0.0	0.0	0.0	0.0	0.0	0.0	0.0	0.0	0.0	0.0	0.0	0.0	0.0	0.0	0.0	0.0	0.0	0.0	0.0	0.0	0.0	6.1715507722815754	0.0	0.0	0.6513193126630235	0.0	0.0	5.65969037215166	0.0	0.0	0.0	0.0	0.0	0.0	0.0	0.0	0.0	0.0	0.0	0.0	0.0	0.0	0.0	0.0	0.0	0.0	0.0	0.0	0.0	5.499204422948001	0.0	0.0	0.0	0.0	0.0	0.0	0.0	0.0	0.0	0.0	0.0	0.0	0.0	0.0	0.0	0.0	0.0	0.0	0.0	0.0	0.0	6.17155077228162	0.0	0.0	5.1809865099536445	
0.0	0.0	0.0	0.0	0.0	0.0	0.0	0.0	0.0	0.0	0.0	0.0	0.0	0.0	0.0	0.0	0.0	0.0	0.0	0.0	0.0	0.0	0.0	0.0	0.0	0.0	0.0	0.0	0.0	0.0	0.0	0.0	0.0	0.0	0.0	0.0	0.0	0.0	0.0	0.0	0.0	0.0	0.0	0.0	0.0	0.0	0.0	0.0	0.0	2.006215734118988	0.0	5.129956821686932	0.0	0.0	0.0	0.0	0.0	0.0	6.759434641546758	0.0	0.0	0.0	0.0	0.0	0.0	0.0	0.0	0.0	0.0	0.0	0.0	0.0	0.0	0.0	0.0	0.0	0.0	0.0	0.0	0.0	0.0	0.0	0.0	0.0	0.0	0.0	0.0	0.0	0.0	0.0	0.0	0.0	0.0	0.0	0.0	0.0	0.0	0.0	0.0	
0.0	0.0	0.0	0.0	0.0	0.0	0.0	0.0	0.0	0.0	0.0	0.0	0.0	0.0	0.0	0.0	0.0	0.0	0.0	0.0	0.0	0.0	0.0	0.0	0.0	0.0	0.0	0.0	0.0	0.0	0.0	0.0	0.0	0.0	0.0	0.0	0.0	0.0	0.0	0.0	0.0	0.0	0.0	0.0	0.0	0.0	0.0	0.0	0.0	0.0	0.7069897001285907	0.0	0.0	0.0	0.0	0.0	0.0	0.0	0.0	0.0	0.0	0.0	0.0	0.0	0.0	0.0	0.0	0.0	0.0	0.0	0.0	0.0	0.0	0.0	0.0	0.0	0.0	0.0	0.0	0.0	0.0	0.0	0.0	0.0	0.0	0.0	0.0	0.0	0.0	0.0	0.0	0.0	0.0	0.0	0.0	0.0	0.0	0.0	0.0	
5.579672512561373	0.0	0.0	0.0	0.0	0.0	5.296482446637096	5.076782316333528	0.0	0.0	0.0	0.0	0.0	0.0	0.0	5.982885758439149	0.0	0.0	0.0	0.0	5.008312444427743	0.0	0.0	0.0	6.104191206389675	0.0	0.0	0.0	5.057969012333174	0.0	0.0	0.0	0.0	0.0	0.0	0.0	0.0	0.0	0.0	0.0	0.0	7.061244405506484	0.0	0.0	0.0	0.0	5.992315758573952	0.0	5.659690372151616	5.129956821686976	0.0	2.3886548316286227	0.0	0.0	0.0	0.0	0.0	0.0	0.0	0.0	0.0	7.38501518453214	0.0	0.0	0.0	0.0	0.0	6.104191206389675	0.0	0.0	0.0	0.0	0.0	6.66639826498745	0.0	0.0	0.0	5.591528136976498	0.0	0.0	0.0	0.0	0.0	0.0	5.737461614696571	0.0	0.0	0.0	0.0	0.0	0.0	0.0	0.0	0.0	0.0	0.0	0.0	6.6486383627283985	5.220716623060806	
0.0	0.0	0.0	0.0	0.0	0.0	0.0	0.0	0.0	0.0	0.0	0.0	0.0	0.0	0.0	0.0	0.0	0.0	0.0	0.0	0.0	0.0	0.0	0.0	0.0	0.0	0.0	0.0	0.0	0.0	9.42924588704157	0.0	0.0	0.0	0.0	0.0	0.0	0.0	0.0	0.0	0.0	0.0	0.0	0.0	0.0	0.0	0.0	0.0	0.0	0.0	0.0	0.0	0.5677071034692505	0.0	0.0	0.0	0.0	0.0	0.0	0.0	0.0	0.0	0.0	0.0	0.0	0.0	0.0	0.0	0.0	0.0	0.0	0.0	0.0	0.0	0.0	0.0	0.0	0.0	0.0	0.0	0.0	0.0	0.0	0.0	0.0	0.0	0.0	0.0	0.0	0.0	0.0	0.0	0.0	0.0	0.0	0.0	0.0	0.0	0.0	
8.971588297450417	0.0	0.0	0.0	11.024952973757252	0.0	0.0	9.631491568030803	0.0	0.0	0.0	0.0	0.0	0.0	0.0	5.538773843557987	0.0	8.126532037776801	5.312921582310004	0.0	0.0	0.0	0.0	0.0	0.0	0.0	0.0	0.0	8.441785434852012	6.632458269058628	5.913343647225666	0.0	0.0	8.059151747828874	0.0	0.0	0.0	0.0	0.0	0.0	0.0	6.116550844955881	6.09662523746457	5.044629215804708	0.0	0.0	0.0	7.028192791385202	0.0	0.0	0.0	0.0	0.0	2.0840214861321815	0.0	6.1057938855788585	0.0	0.0	0.0	6.793994701727968	0.0	0.0	6.969764452034788	0.0	0.0	0.0	0.0	0.0	0.0	0.0	5.170996779088455	0.0	0.0	5.8798033896370505	0.0	0.0	0.0	0.0	0.0	0.0	0.0	0.0	13.460793824021167	0.0	9.076119252721604	0.0	6.350812441146214	0.0	0.0	0.0	0.0	0.0	0.0	5.859016175532972	0.0	0.0	5.0507738032223415	0.0	6.356900106799213	
0.0	0.0	0.0	0.0	0.0	0.0	0.0	0.0	0.0	0.0	0.0	0.0	0.0	0.0	0.0	5.614229864082265	0.0	0.0	0.0	0.0	0.0	0.0	0.0	0.0	0.0	0.0	0.0	0.0	0.0	0.0	0.0	0.0	0.0	0.0	0.0	0.0	0.0	0.0	0.0	0.0	0.0	0.0	0.0	0.0	0.0	0.0	0.0	0.0	0.0	0.0	0.0	0.0	0.0	0.0	0.11783813759729256	5.79696590461265	0.0	0.0	0.0	0.0	0.0	0.0	0.0	0.0	0.0	0.0	0.0	0.0	0.0	0.0	0.0	0.0	0.0	0.0	0.0	0.0	0.0	0.0	0.0	0.0	0.0	0.0	0.0	0.0	0.0	0.0	0.0	0.0	0.0	0.0	0.0	0.0	0.0	0.0	0.0	0.0	0.0	0.0	0.0	
0.0	0.0	0.0	0.0	0.0	0.0	0.0	0.0	0.0	0.0	5.145166199499407	0.0	0.0	0.0	0.0	5.311495241697983	0.0	0.0	0.0	0.0	0.0	0.0	6.1057938855788585	0.0	0.0	0.0	0.0	0.0	0.0	0.0	6.167516099139458	0.0	0.0	0.0	5.723449907825318	0.0	0.0	0.0	5.712049342335179	5.862984088982914	6.228753279596422	0.0	0.0	0.0	0.0	0.0	0.0	0.0	0.0	0.0	0.0	0.0	0.0	6.105793885578947	5.796965904612605	0.05394639999747319	0.0	0.0	0.0	0.0	0.0	0.0	0.0	0.0	6.228753279596333	0.0	0.0	0.0	5.862984088982737	5.565176897320523	0.0	0.0	6.1057938855788585	5.200081611041174	0.0	0.0	0.0	5.0516949922622345	0.0	5.100310379470985	0.0	0.0	0.0	0.0	0.0	5.862984088982737	0.0	5.723449907825318	5.723449907825318	0.0	0.0	0.0	0.0	0.0	0.0	0.0	0.0	0.0	0.0	
0.0	5.1686060782113685	0.0	0.0	0.0	0.0	0.0	0.0	5.3042547389657635	0.0	0.0	0.0	0.0	0.0	0.0	0.0	0.0	0.0	0.0	0.0	0.0	0.0	0.0	0.0	0.0	0.0	0.0	0.0	0.0	0.0	0.0	0.0	0.0	0.0	0.0	0.0	0.0	0.0	5.26790013336238	0.0	0.0	0.0	0.0	0.0	0.0	0.0	0.0	0.0	0.0	0.0	0.0	0.0	0.0	0.0	0.0	0.0	2.7975543875628617	0.0	0.0	0.0	0.0	0.0	0.0	0.0	0.0	0.0	0.0	0.0	0.0	0.0	0.0	0.0	0.0	0.0	0.0	0.0	0.0	0.0	0.0	0.0	0.0	0.0	0.0	0.0	0.0	0.0	0.0	0.0	0.0	0.0	0.0	0.0	0.0	0.0	0.0	0.0	0.0	0.0	0.0	
0.0	0.0	0.0	0.0	0.0	0.0	0.0	0.0	5.163244039650294	0.0	0.0	0.0	0.0	0.0	0.0	0.0	0.0	0.0	0.0	0.0	0.0	0.0	0.0	0.0	0.0	0.0	0.0	0.0	0.0	0.0	0.0	0.0	6.281676356727184	0.0	0.0	0.0	0.0	0.0	0.0	0.0	0.0	0.0	0.0	0.0	0.0	0.0	0.0	0.0	0.0	0.0	0.0	0.0	0.0	0.0	0.0	0.0	0.0	1.014254099112466	0.0	0.0	0.0	0.0	0.0	0.0	0.0	0.0	0.0	0.0	0.0	0.0	0.0	0.0	0.0	0.0	0.0	0.0	0.0	0.0	0.0	0.0	0.0	0.0	0.0	0.0	0.0	0.0	0.0	0.0	0.0	0.0	0.0	0.0	0.0	0.0	0.0	0.0	0.0	0.0	0.0	
0.0	0.0	0.0	0.0	6.848653332169086	0.0	0.0	5.396081911945183	0.0	0.0	0.0	0.0	0.0	0.0	0.0	5.283001325164616	0.0	0.0	5.369979874028097	0.0	0.0	0.0	0.0	0.0	0.0	0.0	0.0	0.0	0.0	0.0	0.0	0.0	0.0	0.0	0.0	0.0	0.0	0.0	0.0	0.0	0.0	0.0	0.0	0.0	0.0	0.0	0.0	6.7967582357685075	0.0	6.759434641546758	0.0	0.0	0.0	0.0	0.0	0.0	0.0	0.0	1.0046778313517413	6.578791124842676	0.0	0.0	0.0	0.0	0.0	0.0	0.0	0.0	0.0	0.0	0.0	0.0	0.0	0.0	0.0	0.0	0.0	0.0	0.0	0.0	0.0	0.0	0.0	0.0	0.0	0.0	0.0	0.0	0.0	0.0	0.0	0.0	0.0	0.0	0.0	0.0	0.0	5.410785775093352	0.0	
0.0	0.0	0.0	0.0	0.0	0.0	0.0	0.0	0.0	0.0	0.0	0.0	0.0	0.0	0.0	0.0	0.0	0.0	0.0	0.0	0.0	0.0	6.793994701727968	0.0	0.0	5.348603653778916	0.0	0.0	0.0	0.0	0.0	0.0	0.0	5.066256767262534	7.056932298659824	0.0	0.0	0.0	8.456026494763158	7.5489403959842605	7.529609201369247	0.0	0.0	0.0	0.0	0.0	0.0	0.0	0.0	0.0	0.0	0.0	0.0	6.7939947017281455	0.0	0.0	0.0	0.0	6.578791124842676	1.3142330624890342	0.0	6.899232851007753	0.0	0.0	7.5296092013691585	7.184708440878929	0.0	0.0	7.5489403959842605	6.536312826978374	0.0	0.0	6.793994701727968	0.0	0.0	0.0	0.0	0.0	0.0	0.0	0.0	0.0	0.0	0.0	0.0	7.5489403959842605	0.0	7.056932298659824	7.056932298659824	0.0	0.0	6.330963628806607	0.0	0.0	0.0	0.0	0.0	0.0	0.0	
0.0	0.0	0.0	0.0	0.0	0.0	0.0	0.0	0.0	0.0	0.0	0.0	0.0	0.0	0.0	0.0	0.0	0.0	0.0	0.0	0.0	0.0	0.0	0.0	0.0	0.0	0.0	0.0	0.0	0.0	0.0	0.0	0.0	0.0	0.0	0.0	0.0	0.0	0.0	0.0	0.0	0.0	0.0	0.0	0.0	0.0	0.0	0.0	0.0	0.0	0.0	0.0	0.0	0.0	0.0	0.0	0.0	0.0	0.0	0.0	0.8974999460501731	0.0	0.0	0.0	0.0	0.0	0.0	0.0	0.0	0.0	0.0	0.0	0.0	0.0	0.0	0.0	0.0	0.0	0.0	0.0	0.0	0.0	0.0	0.0	0.0	0.0	0.0	0.0	0.0	0.0	0.0	0.0	0.0	0.0	0.0	0.0	0.0	0.0	0.0	
0.0	0.0	0.0	0.0	0.0	0.0	0.0	0.0	0.0	0.0	0.0	0.0	0.0	0.0	0.0	0.0	0.0	0.0	0.0	0.0	0.0	0.0	0.0	0.0	0.0	0.0	0.0	0.0	0.0	0.0	0.0	0.0	0.0	0.0	5.209340301540877	0.0	0.0	0.0	0.0	0.0	0.0	0.0	0.0	0.0	5.761118590431336	6.7250902586082795	0.0	0.0	0.0	0.0	0.0	7.385015184532229	0.0	0.0	0.0	0.0	0.0	0.0	0.0	6.899232851007753	0.0	1.6363600257277344	0.0	0.0	0.0	0.0	0.0	0.0	0.0	0.0	0.0	0.0	0.0	0.0	0.0	0.0	0.0	0.0	0.0	0.0	0.0	0.0	0.0	0.0	5.642837480121798	0.0	0.0	5.209340301540877	5.209340301540877	0.0	0.0	0.0	0.0	0.0	0.0	6.725090258608368	0.0	0.0	0.0	
0.0	0.0	0.0	0.0	0.0	0.0	0.0	0.0	0.0	0.0	0.0	0.0	0.0	0.0	0.0	0.0	0.0	0.0	6.260202528414727	0.0	0.0	0.0	6.969764452034877	0.0	0.0	0.0	0.0	0.0	0.0	5.050224417060667	0.0	0.0	0.0	0.0	0.0	0.0	0.0	0.0	6.443423532597947	0.0	6.783251116046074	0.0	0.0	0.0	0.0	0.0	0.0	0.0	0.0	0.0	0.0	0.0	0.0	6.9697644520349655	0.0	0.0	0.0	0.0	0.0	0.0	0.0	0.0	1.725583886911597	0.0	6.783251116046163	0.0	0.0	0.0	0.0	6.804176257400396	0.0	0.0	6.969764452034877	0.0	0.0	0.0	0.0	0.0	0.0	0.0	0.0	0.0	0.0	7.963134093002289	0.0	0.0	0.0	0.0	0.0	0.0	0.0	0.0	0.0	0.0	0.0	0.0	0.0	0.0	0.0	
0.0	0.0	0.0	0.0	0.0	0.0	0.0	0.0	0.0	0.0	0.0	0.0	0.0	0.0	0.0	0.0	0.0	0.0	0.0	0.0	0.0	0.0	0.0	0.0	0.0	0.0	0.0	0.0	0.0	0.0	0.0	0.0	0.0	0.0	0.0	0.0	0.0	0.0	0.0	0.0	0.0	0.0	0.0	0.0	0.0	0.0	0.0	0.0	0.0	0.0	0.0	0.0	0.0	0.0	0.0	0.0	0.0	0.0	0.0	0.0	0.0	0.0	0.0	0.882356698107789	0.0	0.0	0.0	0.0	0.0	0.0	0.0	0.0	0.0	0.0	0.0	0.0	0.0	0.0	0.0	0.0	0.0	0.0	0.0	0.0	0.0	0.0	5.5174903353824245	0.0	0.0	0.0	0.0	0.0	0.0	0.0	0.0	0.0	0.0	0.0	0.0	
9.440408697888358	0.0	0.0	5.388469223657566	9.955356678933835	0.0	0.0	10.036381349076073	0.0	0.0	0.0	0.0	0.0	0.0	0.0	5.448987952573869	0.0	8.164391226129597	5.301605931889775	0.0	0.0	5.135888952166123	0.0	0.0	0.0	0.0	0.0	0.0	8.458234298417189	6.613726119160468	7.694177016870629	0.0	0.0	7.638817821598387	0.0	0.0	0.0	0.0	0.0	0.0	0.0	6.087165531188443	6.986211776146156	5.04624036224719	0.0	0.0	0.0	6.995696094347981	0.0	0.0	0.0	0.0	0.0	0.0	0.0	6.228753279596333	0.0	0.0	0.0	7.5296092013691585	0.0	0.0	6.783251116045985	0.0	2.0895554274217965	0.0	0.0	0.0	0.0	0.0	5.191796223791378	0.0	0.0	6.808787129817784	0.0	5.349381933608921	0.0	0.0	0.0	0.0	0.0	0.0	10.20003947487238	0.0	8.83231281226502	0.0	6.412351005913131	0.0	0.0	0.0	0.0	0.0	0.0	5.828252187261196	0.0	0.0	5.06308698777862	0.0	6.231950287464905	
0.0	0.0	0.0	0.0	0.0	0.0	0.0	5.274912930649034	0.0	0.0	0.0	0.0	0.0	0.0	0.0	0.0	0.0	0.0	0.0	0.0	0.0	0.0	0.0	0.0	0.0	0.0	0.0	0.0	6.36267163544213	0.0	0.0	0.0	0.0	0.0	0.0	0.0	0.0	0.0	0.0	0.0	0.0	0.0	0.0	0.0	0.0	0.0	0.0	0.0	0.0	0.0	0.0	0.0	0.0	0.0	0.0	0.0	0.0	0.0	0.0	7.184708440878751	0.0	0.0	0.0	0.0	0.0	1.404779057312311	0.0	0.0	0.0	0.0	0.0	0.0	0.0	0.0	0.0	0.0	0.0	0.0	0.0	0.0	0.0	0.0	0.0	0.0	0.0	0.0	0.0	0.0	0.0	0.0	0.0	0.0	0.0	0.0	0.0	0.0	0.0	0.0	0.0	
0.0	0.0	0.0	0.0	0.0	0.0	0.0	0.0	0.0	0.0	0.0	0.0	0.0	0.0	0.0	0.0	0.0	0.0	0.0	0.0	0.0	0.0	0.0	0.0	0.0	0.0	0.0	0.0	0.0	0.0	0.0	0.0	0.0	0.0	0.0	0.0	0.0	0.0	0.0	0.0	0.0	0.0	0.0	0.0	0.0	0.0	0.0	0.0	0.0	0.0	0.0	0.0	0.0	0.0	0.0	0.0	0.0	0.0	0.0	0.0	0.0	0.0	0.0	0.0	0.0	0.0	0.6520738358555267	0.0	0.0	0.0	0.0	0.0	0.0	0.0	0.0	0.0	0.0	0.0	0.0	0.0	0.0	0.0	0.0	0.0	0.0	0.0	0.0	0.0	0.0	0.0	0.0	0.0	0.0	0.0	0.0	0.0	0.0	0.0	0.0	
0.0	0.0	0.0	0.0	0.0	0.0	0.0	0.0	0.0	0.0	0.0	0.0	0.0	0.0	0.0	0.0	0.0	0.0	0.0	0.0	0.0	0.0	0.0	0.0	0.0	0.0	0.0	0.0	0.0	0.0	0.0	0.0	0.0	0.0	0.0	0.0	0.0	0.0	0.0	0.0	0.0	0.0	0.0	0.0	0.0	0.0	0.0	0.0	0.0	0.0	0.0	6.104191206389675	0.0	0.0	0.0	0.0	0.0	0.0	0.0	0.0	0.0	0.0	0.0	0.0	0.0	0.0	0.0	2.8462698411345855	0.0	0.0	0.0	0.0	0.0	0.0	0.0	0.0	0.0	0.0	0.0	0.0	0.0	0.0	0.0	0.0	5.264453673611946	0.0	0.0	0.0	0.0	0.0	0.0	0.0	0.0	0.0	0.0	0.0	0.0	0.0	5.315065703294586	
6.4258640505486575	0.0	0.0	10.380185966823507	5.01811277937696	0.0	0.0	5.8200454586497585	0.0	0.0	0.0	0.0	0.0	0.0	0.0	5.975991703298877	9.415456180597914	0.0	0.0	0.0	0.0	10.287972409084123	0.0	0.0	0.0	0.0	0.0	0.0	7.706760682845459	5.1344257673299865	5.191285879599938	0.0	0.0	0.0	0.0	0.0	6.441798797752973	0.0	0.0	0.0	0.0	5.783523015197289	7.220431136531236	0.0	5.1717422327785645	0.0	0.0	9.339247737214507	0.0	0.0	0.0	0.0	0.0	0.0	0.0	5.8629840889828255	0.0	0.0	0.0	7.548940395984083	0.0	0.0	0.0	0.0	0.0	0.0	0.0	0.0	1.9433327158493885	0.0	0.0	0.0	0.0	8.18709407066267	0.0	0.0	0.0	0.0	0.0	0.0	0.0	0.0	7.07671708469455	5.632955682758389	6.7259058777279	0.0	0.0	0.0	0.0	0.0	0.0	0.0	0.0	0.0	0.0	0.0	0.0	0.0	6.365153457877959	
9.121219499872346	0.0	0.0	0.0	10.362019617343776	0.0	0.0	10.061348058181352	0.0	0.0	0.0	0.0	0.0	0.0	0.0	5.433526324707749	0.0	8.23468515702106	5.132905358666484	0.0	0.0	0.0	0.0	0.0	0.0	0.0	0.0	0.0	7.237230693316565	6.561965082970822	5.863425362656027	0.0	0.0	7.939877892613811	0.0	0.0	0.0	0.0	0.0	0.0	0.0	6.303506637113987	5.901188686592684	5.056971612002759	0.0	0.0	0.0	7.273321192837923	0.0	0.0	0.0	0.0	0.0	0.0	0.0	5.565176897320434	0.0	0.0	0.0	6.5363128269782855	0.0	0.0	6.804176257400485	0.0	0.0	0.0	0.0	0.0	0.0	2.10501705528805	5.199435394506269	0.0	0.0	5.63673540919023	0.0	5.307025340380189	0.0	0.0	0.0	0.0	0.0	0.0	13.74915093105793	0.0	8.368114620149392	0.0	6.382575219658815	0.0	0.0	0.0	0.0	0.0	0.0	6.171881634463894	0.0	0.0	5.062395262651531	0.0	6.205718227464541	
0.0	0.0	0.0	0.0	0.0	0.0	0.0	0.0	0.0	0.0	0.0	0.0	0.0	0.0	0.0	0.0	0.0	0.0	0.0	0.0	0.0	0.0	5.170996779088455	0.0	0.0	0.0	0.0	0.0	0.0	0.0	0.0	0.0	0.0	0.0	0.0	0.0	0.0	0.0	0.0	0.0	5.191796223791512	0.0	0.0	0.0	0.0	0.0	0.0	0.0	0.0	0.0	0.0	0.0	0.0	5.170996779088455	0.0	0.0	0.0	0.0	0.0	0.0	0.0	0.0	0.0	0.0	5.191796223791423	0.0	0.0	0.0	0.0	5.199435394506224	1.182451383988825	0.0	5.170996779088455	0.0	0.0	0.0	0.0	0.0	0.0	0.0	0.0	0.0	0.0	0.0	0.0	0.0	0.0	0.0	0.0	0.0	0.0	0.0	0.0	0.0	0.0	0.0	0.0	0.0	0.0	
0.0	0.0	0.0	0.0	0.0	0.0	0.0	0.0	0.0	0.0	0.0	0.0	0.0	0.0	0.0	0.0	0.0	0.0	0.0	0.0	0.0	0.0	0.0	0.0	0.0	0.0	0.0	0.0	0.0	0.0	0.0	0.0	0.0	0.0	0.0	0.0	0.0	0.0	0.0	0.0	0.0	0.0	0.0	0.0	0.0	0.0	0.0	0.0	0.0	0.0	0.0	0.0	0.0	0.0	0.0	0.0	0.0	0.0	0.0	0.0	0.0	0.0	0.0	0.0	0.0	0.0	0.0	0.0	0.0	0.0	0.0	2.019669032173188	0.0	0.0	0.0	0.0	0.0	0.0	0.0	0.0	0.0	0.0	0.0	5.048641179970748	0.0	0.0	0.0	0.0	0.0	0.0	0.0	0.0	0.0	0.0	0.0	0.0	0.0	0.0	0.0	
8.971588297450594	0.0	0.0	0.0	11.02495297375743	0.0	0.0	9.631491568030714	0.0	0.0	0.0	0.0	0.0	0.0	0.0	5.538773843558253	0.0	8.126532037776979	5.3129215823102705	0.0	0.0	0.0	0.0	0.0	0.0	0.0	0.0	0.0	8.441785434852012	6.632458269058716	5.913343647225844	0.0	0.0	8.059151747828786	0.0	0.0	0.0	0.0	0.0	0.0	0.0	6.116550844956059	6.096625237464659	5.044629215804619	0.0	0.0	0.0	7.028192791384935	0.0	0.0	0.0	0.0	0.0	0.0	0.0	6.105793885578947	0.0	0.0	0.0	6.793994701727879	0.0	0.0	6.969764452034877	0.0	0.0	0.0	0.0	0.0	0.0	0.0	5.17099677908841	0.0	2.084021486132137	5.8798033896370505	0.0	0.0	0.0	0.0	0.0	0.0	0.0	0.0	13.460793824021255	0.0	9.076119252721604	0.0	6.350812441146214	0.0	0.0	0.0	0.0	0.0	0.0	5.859016175533149	0.0	0.0	5.050773803222297	0.0	6.356900106799301	
0.0	0.0	0.0	0.0	0.0	0.0	5.721043704138706	5.9753522648142265	0.0	0.0	0.0	0.0	0.0	0.0	0.0	0.0	0.0	0.0	0.0	0.0	0.0	0.0	5.879803389637228	0.0	0.0	0.0	0.0	0.0	6.944768928018874	0.0	0.0	0.0	0.0	0.0	7.935322294338043	5.860043052009711	0.0	0.0	6.304415133335173	8.18709407066267	6.808787129817606	0.0	0.0	0.0	0.0	6.397821908779111	0.0	5.079830429222065	5.499204422948001	0.0	0.0	6.66639826498745	0.0	5.879803389637228	0.0	5.200081611041174	0.0	0.0	0.0	0.0	0.0	0.0	0.0	0.0	6.808787129817695	0.0	0.0	0.0	8.18709407066276	5.636735409190141	0.0	0.0	5.879803389637228	0.10938631036769841	0.0	0.0	0.0	0.0	0.0	0.0	0.0	0.0	0.0	0.0	0.0	8.18709407066267	0.0	7.935322294338043	7.935322294338043	0.0	0.0	0.0	0.0	0.0	0.0	6.3978219087792	0.0	0.0	5.388520740101432	
5.210596791984212	0.0	0.0	0.0	0.0	0.0	0.0	0.0	0.0	0.0	0.0	0.0	0.0	0.0	0.0	0.0	0.0	0.0	0.0	0.0	0.0	0.0	0.0	0.0	0.0	0.0	0.0	0.0	0.0	0.0	0.0	0.0	0.0	0.0	0.0	0.0	0.0	0.0	0.0	0.0	0.0	0.0	0.0	0.0	5.192551019422131	0.0	0.0	0.0	0.0	0.0	0.0	0.0	0.0	0.0	0.0	0.0	0.0	0.0	0.0	0.0	0.0	0.0	0.0	0.0	0.0	0.0	0.0	0.0	0.0	0.0	0.0	0.0	0.0	0.0	0.1411995488956208	0.0	0.0	0.0	0.0	0.0	0.0	0.0	0.0	0.0	0.0	0.0	0.0	0.0	0.0	0.0	0.0	0.0	0.0	0.0	0.0	0.0	0.0	0.0	0.0	
0.0	0.0	0.0	0.0	0.0	0.0	0.0	0.0	0.0	0.0	0.0	0.0	0.0	0.0	0.0	0.0	0.0	0.0	0.0	0.0	0.0	0.0	0.0	0.0	0.0	0.0	0.0	0.0	0.0	5.23482121939729	0.0	0.0	0.0	0.0	0.0	0.0	0.0	0.0	7.00763605171395	0.0	5.349381933608832	0.0	0.0	0.0	0.0	0.0	0.0	0.0	0.0	0.0	0.0	0.0	0.0	0.0	0.0	0.0	0.0	0.0	0.0	0.0	0.0	0.0	0.0	0.0	5.349381933608921	0.0	0.0	0.0	0.0	5.3070253403801	0.0	0.0	0.0	0.0	0.0	1.1680429700170247	0.0	0.0	0.0	0.0	0.0	0.0	0.0	0.0	5.151479290329686	0.0	5.1466772337811495	0.0	0.0	0.0	0.0	5.777096587205799	0.0	0.0	0.0	0.0	0.0	0.0	5.157755012966891	
0.0	0.0	0.0	0.0	0.0	0.0	0.0	0.0	0.0	0.0	0.0	0.0	0.0	0.0	0.0	0.0	0.0	0.0	0.0	0.0	0.0	0.0	0.0	0.0	0.0	0.0	0.0	0.0	0.0	0.0	0.0	0.0	0.0	0.0	0.0	0.0	0.0	0.0	5.174467989720011	0.0	0.0	0.0	0.0	0.0	0.0	0.0	0.0	0.0	0.0	0.0	0.0	0.0	0.0	0.0	0.0	0.0	0.0	0.0	0.0	0.0	0.0	0.0	0.0	0.0	0.0	0.0	0.0	0.0	0.0	0.0	0.0	0.0	0.0	0.0	0.0	0.0	1.0161127404439974	0.0	0.0	0.0	0.0	0.0	0.0	0.0	0.0	0.0	0.0	0.0	0.0	0.0	0.0	0.0	0.0	0.0	0.0	0.0	0.0	0.0	0.0	
0.0	0.0	0.0	0.0	0.0	0.0	0.0	5.544624837580692	0.0	0.0	0.0	0.0	0.0	0.0	0.0	0.0	0.0	0.0	0.0	0.0	0.0	0.0	0.0	0.0	0.0	0.0	0.0	0.0	0.0	0.0	0.0	0.0	0.0	5.096633348213775	0.0	0.0	0.0	0.0	0.0	0.0	0.0	0.0	0.0	0.0	0.0	5.3268807066732204	0.0	0.0	0.0	0.0	0.0	5.591528136976454	0.0	0.0	0.0	5.0516949922622345	0.0	0.0	0.0	0.0	0.0	0.0	0.0	0.0	0.0	0.0	0.0	0.0	0.0	0.0	0.0	0.0	0.0	0.0	0.0	0.0	0.0	0.10635634168760788	0.0	0.0	0.0	0.0	0.0	0.0	5.943505527336823	0.0	0.0	0.0	0.0	0.0	0.0	0.0	0.0	0.0	0.0	5.326880706673265	0.0	0.0	0.0	
0.0	0.0	0.0	0.0	0.0	0.0	0.0	0.0	0.0	0.0	0.0	0.0	0.0	0.0	0.0	0.0	0.0	0.0	0.0	0.0	0.0	0.0	0.0	0.0	0.0	0.0	0.0	0.0	0.0	0.0	0.0	0.0	0.0	5.6508246666839845	0.0	0.0	0.0	0.0	5.339058063379376	0.0	0.0	0.0	0.0	0.0	0.0	0.0	0.0	0.0	0.0	0.0	0.0	0.0	0.0	0.0	0.0	0.0	0.0	0.0	0.0	0.0	0.0	0.0	0.0	0.0	0.0	0.0	0.0	0.0	0.0	0.0	0.0	0.0	0.0	0.0	0.0	0.0	0.0	0.0	0.4752956138796449	0.0	0.0	0.0	0.0	0.0	0.0	0.0	0.0	0.0	0.0	0.0	0.0	0.0	0.0	0.0	0.0	0.0	0.0	0.0	0.0	
0.0	0.0	0.0	0.0	0.0	0.0	0.0	0.0	0.0	0.0	0.0	0.0	0.0	0.0	0.0	0.0	0.0	0.0	5.916319052093355	0.0	0.0	0.0	0.0	0.0	0.0	0.0	0.0	0.0	0.0	0.0	0.0	0.0	0.0	0.0	0.0	0.0	0.0	0.0	0.0	0.0	0.0	0.0	0.0	0.0	0.0	0.0	0.0	0.0	0.0	0.0	0.0	0.0	0.0	0.0	0.0	5.100310379470896	0.0	0.0	0.0	0.0	0.0	0.0	0.0	0.0	0.0	0.0	0.0	0.0	0.0	0.0	0.0	0.0	0.0	0.0	0.0	0.0	0.0	0.0	0.0	1.4386710311613315	0.0	0.0	0.0	0.0	0.0	0.0	0.0	0.0	0.0	0.0	0.0	0.0	0.0	0.0	0.0	0.0	0.0	0.0	0.0	
0.0	5.241219772602923	0.0	0.0	0.0	0.0	0.0	0.0	5.304693173509145	0.0	0.0	0.0	0.0	0.0	5.0403048549845675	0.0	0.0	0.0	0.0	0.0	0.0	0.0	0.0	0.0	0.0	0.0	0.0	0.0	0.0	0.0	0.0	0.0	0.0	0.0	0.0	0.0	0.0	0.0	5.157541007238109	0.0	0.0	0.0	0.0	0.0	0.0	0.0	0.0	0.0	0.0	0.0	0.0	0.0	0.0	0.0	0.0	0.0	0.0	0.0	0.0	0.0	0.0	0.0	0.0	0.0	0.0	0.0	0.0	0.0	0.0	0.0	0.0	0.0	0.0	0.0	0.0	0.0	0.0	0.0	0.0	0.0	0.9741479708376799	0.0	0.0	0.0	0.0	0.0	0.0	0.0	0.0	0.0	0.0	0.0	0.0	0.0	0.0	0.0	0.0	0.0	0.0	
0.0	0.0	0.0	0.0	0.0	0.0	0.0	0.0	0.0	0.0	0.0	0.0	0.0	0.0	0.0	0.0	0.0	0.0	0.0	0.0	0.0	0.0	0.0	0.0	0.0	0.0	0.0	0.0	0.0	0.0	0.0	0.0	0.0	0.0	0.0	0.0	0.0	0.0	0.0	0.0	0.0	0.0	0.0	0.0	0.0	0.0	0.0	0.0	0.0	0.0	0.0	0.0	0.0	0.0	0.0	0.0	0.0	0.0	0.0	0.0	0.0	0.0	0.0	0.0	0.0	0.0	0.0	0.0	0.0	0.0	0.0	0.0	0.0	0.0	0.0	0.0	0.0	0.0	0.0	0.0	0.0	0.7069897001285907	0.0	0.0	0.0	0.0	0.0	0.0	0.0	0.0	0.0	0.0	0.0	0.0	0.0	0.0	0.0	0.0	0.0	
0.0	0.0	0.0	0.0	0.0	0.0	0.0	0.0	0.0	0.0	0.0	0.0	0.0	0.0	0.0	0.0	0.0	0.0	6.270852956263573	0.0	0.0	0.0	13.460793824021255	0.0	0.0	0.0	0.0	0.0	0.0	0.0	0.0	0.0	0.0	0.0	5.606311836441158	0.0	0.0	5.981065898401017	0.0	7.076717084694817	10.200039474872558	0.0	0.0	0.0	0.0	0.0	0.0	0.0	0.0	0.0	0.0	0.0	0.0	13.460793824021255	0.0	0.0	0.0	0.0	0.0	0.0	0.0	0.0	0.0	0.0	10.200039474872646	0.0	0.0	0.0	7.076717084694728	13.74915093105784	0.0	0.0	13.460793824021255	0.0	0.0	0.0	0.0	0.0	0.0	0.0	0.0	0.0	1.66465699991325	0.0	0.0	7.076717084694817	0.0	5.606311836441158	5.606311836441158	0.0	6.136715551567429	0.0	0.0	0.0	6.355830894034709	0.0	0.0	0.0	0.0	
6.10279475315787	0.0	0.0	0.0	0.0	0.0	0.0	0.0	0.0	0.0	0.0	0.0	0.0	0.0	0.0	0.0	0.0	0.0	0.0	0.0	0.0	0.0	0.0	0.0	0.0	0.0	0.0	0.0	0.0	5.193659714181598	0.0	0.0	0.0	0.0	5.0500134175750055	0.0	0.0	8.92622404836052	0.0	5.632955682758389	0.0	0.0	0.0	0.0	0.0	0.0	0.0	0.0	0.0	0.0	0.0	0.0	0.0	0.0	0.0	0.0	0.0	0.0	0.0	0.0	0.0	0.0	7.963134093002644	0.0	0.0	0.0	0.0	0.0	5.632955682758389	0.0	0.0	5.04864117997097	0.0	0.0	0.0	0.0	0.0	0.0	0.0	0.0	0.0	0.0	0.0	0.2759730280321726	5.708679824282914	5.632955682758478	5.993754333226997	5.0500134175750055	5.0500134175750055	0.0	0.0	0.0	0.0	5.494459784822769	0.0	0.0	0.0	0.0	0.0	
10.784399131121347	0.0	0.0	0.0	0.0	0.0	0.0	7.114586177093685	0.0	0.0	5.545736780602795	0.0	0.0	0.0	5.2123030362677625	0.0	0.0	0.0	0.0	0.0	5.037547332565051	0.0	9.076119252721604	0.0	5.264453673611946	0.0	0.0	0.0	5.365009254273545	0.0	0.0	0.0	0.0	0.0	6.663332343030959	0.0	0.0	0.0	7.339667341652056	6.725905877727456	8.832312812265197	0.0	0.0	0.0	0.0	0.0	0.0	6.140154254373575	0.0	0.0	0.0	5.7374616146966595	0.0	9.076119252721782	0.0	0.0	0.0	0.0	0.0	0.0	0.0	5.642837480121532	0.0	0.0	8.83231281226502	0.0	0.0	5.264453673611946	6.725905877727545	8.368114620149214	0.0	0.0	9.076119252721604	0.0	0.0	5.151479290329508	0.0	5.943505527336779	0.0	0.0	0.0	0.0	0.0	5.708679824282825	1.341671484846474	6.725905877727634	0.0	6.663332343030959	6.663332343030959	0.0	0.0	0.0	0.0	0.0	0.0	0.0	0.0	0.0	0.0	
6.425864050548746	0.0	0.0	10.380185966823507	5.018112779377049	0.0	0.0	5.8200454586497585	0.0	0.0	0.0	0.0	0.0	0.0	0.0	5.975991703298789	9.415456180598003	0.0	0.0	0.0	0.0	10.287972409083945	0.0	0.0	0.0	0.0	0.0	0.0	7.706760682845459	5.134425767329898	5.191285879600027	0.0	0.0	0.0	0.0	0.0	6.441798797753062	0.0	0.0	0.0	0.0	5.783523015197201	7.220431136531191	0.0	5.171742232778742	0.0	0.0	9.339247737214418	0.0	0.0	0.0	0.0	0.0	0.0	0.0	5.8629840889828255	0.0	0.0	0.0	7.548940395984172	0.0	0.0	0.0	0.0	0.0	0.0	0.0	0.0	0.0	0.0	0.0	0.0	0.0	8.18709407066267	0.0	0.0	0.0	0.0	0.0	0.0	0.0	0.0	7.076717084694728	5.632955682758567	6.725905877727811	1.9433327158493885	0.0	0.0	0.0	0.0	0.0	0.0	0.0	0.0	0.0	0.0	0.0	0.0	6.365153457877959	
0.0	0.0	5.3063449617583025	0.0	5.8366109903007946	0.0	0.0	0.0	0.0	0.0	0.0	5.098307346117625	6.100291569340932	5.098307346117625	8.939487707863503	0.0	0.0	0.0	0.0	0.0	6.041115530608598	0.0	6.350812441146303	0.0	0.0	0.0	0.0	5.078556885105545	0.0	0.0	0.0	0.0	0.0	0.0	0.0	5.501027883436738	0.0	0.0	0.0	0.0	6.412351005913308	0.0	0.0	0.0	0.0	0.0	0.0	0.0	0.0	0.0	0.0	0.0	0.0	6.350812441146214	0.0	0.0	0.0	0.0	0.0	0.0	0.0	0.0	0.0	5.5174903353824245	6.412351005913219	0.0	0.0	0.0	0.0	6.382575219658815	0.0	0.0	6.350812441146303	0.0	0.0	5.146677233781105	0.0	0.0	0.0	0.0	0.0	0.0	0.0	5.9937543332270415	0.0	0.0	1.294405602155102	0.0	0.0	0.0	0.0	0.0	0.0	0.0	6.040626010838768	0.0	0.0	0.0	0.0	
5.431201978717404	0.0	0.0	9.757515099034642	5.429993220457696	0.0	0.0	5.5928446545535415	0.0	0.0	0.0	0.0	0.0	0.0	0.0	6.017731607055499	8.28467289114414	0.0	0.0	0.0	0.0	9.665301541295168	0.0	0.0	0.0	0.0	0.0	0.0	7.6190813056909334	5.119981239660998	5.423390152988894	0.0	0.0	0.0	0.0	0.0	8.445602175786515	0.0	0.0	0.0	0.0	5.8390045119795175	6.799287597942261	0.0	5.15705873840413	0.0	0.0	9.371636542953965	0.0	0.0	0.0	0.0	0.0	0.0	0.0	5.723449907825406	0.0	0.0	0.0	7.056932298659824	0.0	5.20934030154061	0.0	0.0	0.0	0.0	0.0	0.0	0.0	0.0	0.0	0.0	0.0	7.935322294338043	0.0	0.0	0.0	0.0	0.0	0.0	0.0	0.0	5.606311836441069	5.050013417575094	6.663332343031048	0.0	0.0	1.9705109068403281	0.0	0.0	0.0	0.0	0.0	0.0	0.0	0.0	0.0	0.0	6.434270321266489	
5.431201978717404	0.0	0.0	9.757515099034642	5.429993220457696	0.0	0.0	5.5928446545535415	0.0	0.0	0.0	0.0	0.0	0.0	0.0	6.017731607055499	8.28467289114414	0.0	0.0	0.0	0.0	9.665301541295168	0.0	0.0	0.0	0.0	0.0	0.0	7.6190813056909334	5.119981239660998	5.423390152988894	0.0	0.0	0.0	0.0	0.0	8.445602175786515	0.0	0.0	0.0	0.0	5.8390045119795175	6.799287597942261	0.0	5.15705873840413	0.0	0.0	9.371636542953965	0.0	0.0	0.0	0.0	0.0	0.0	0.0	5.723449907825406	0.0	0.0	0.0	7.056932298659824	0.0	5.20934030154061	0.0	0.0	0.0	0.0	0.0	0.0	0.0	0.0	0.0	0.0	0.0	7.935322294338043	0.0	0.0	0.0	0.0	0.0	0.0	0.0	0.0	5.606311836441069	5.050013417575094	6.663332343031048	0.0	0.0	0.0	1.9705109068403281	0.0	0.0	0.0	0.0	0.0	0.0	0.0	0.0	0.0	6.434270321266489	
0.0	0.0	0.0	0.0	0.0	0.0	0.0	0.0	0.0	0.0	0.0	0.0	0.0	0.0	0.0	0.0	0.0	0.0	0.0	0.0	0.0	0.0	0.0	0.0	0.0	0.0	0.0	0.0	0.0	0.0	0.0	0.0	0.0	0.0	0.0	0.0	0.0	0.0	0.0	0.0	0.0	0.0	0.0	0.0	0.0	0.0	0.0	0.0	0.0	0.0	0.0	0.0	0.0	0.0	0.0	0.0	0.0	0.0	0.0	0.0	0.0	0.0	0.0	0.0	0.0	0.0	0.0	0.0	0.0	0.0	0.0	0.0	0.0	0.0	0.0	0.0	0.0	0.0	0.0	0.0	0.0	0.0	0.0	0.0	0.0	0.0	0.0	0.0	0.0	2.7761368596397773	0.0	0.0	0.0	0.0	0.0	0.0	0.0	0.0	0.0	
0.0	0.0	0.0	0.0	0.0	0.0	0.0	0.0	0.0	0.0	0.0	0.0	0.0	0.0	0.0	0.0	0.0	0.0	0.0	0.0	0.0	0.0	0.0	0.0	0.0	0.0	0.0	0.0	0.0	0.0	0.0	0.0	0.0	0.0	0.0	0.0	0.0	0.0	0.0	0.0	0.0	0.0	0.0	0.0	0.0	0.0	0.0	0.0	0.0	0.0	0.0	0.0	0.0	0.0	0.0	0.0	0.0	0.0	0.0	0.0	0.0	0.0	0.0	0.0	0.0	0.0	0.0	0.0	0.0	0.0	0.0	0.0	0.0	0.0	0.0	0.0	0.0	0.0	0.0	0.0	0.0	0.0	6.136715551567384	0.0	0.0	0.0	0.0	0.0	0.0	0.0	0.6827201255339199	0.0	0.0	0.0	0.0	0.0	0.0	0.0	0.0	
0.0	0.0	0.0	0.0	0.0	0.0	5.952802967121329	0.0	0.0	0.0	0.0	0.0	0.0	0.0	0.0	0.0	0.0	0.0	5.282403961476767	0.0	0.0	0.0	0.0	0.0	0.0	0.0	0.0	0.0	0.0	0.0	0.0	0.0	0.0	0.0	0.0	5.2457273812619665	5.380622943066582	0.0	0.0	0.0	0.0	0.0	0.0	5.874743441696628	0.0	0.0	0.0	0.0	0.0	0.0	0.0	0.0	0.0	0.0	0.0	0.0	0.0	0.0	0.0	6.330963628806696	0.0	0.0	0.0	0.0	0.0	0.0	0.0	0.0	0.0	0.0	0.0	0.0	0.0	0.0	0.0	5.777096587205799	0.0	0.0	0.0	0.0	0.0	0.0	0.0	0.0	0.0	0.0	0.0	0.0	0.0	0.0	0.0	1.2765242095174045	0.0	0.0	0.0	0.0	0.0	0.0	5.285068966286444	
0.0	0.0	0.0	0.0	0.0	0.0	0.0	0.0	0.0	0.0	0.0	0.0	0.0	0.0	0.0	0.0	0.0	0.0	0.0	0.0	0.0	0.0	0.0	0.0	0.0	0.0	0.0	0.0	0.0	0.0	0.0	0.0	0.0	0.0	0.0	0.0	0.0	0.0	0.0	0.0	0.0	0.0	0.0	0.0	0.0	0.0	0.0	0.0	0.0	0.0	0.0	0.0	0.0	0.0	0.0	0.0	0.0	0.0	0.0	0.0	0.0	0.0	0.0	0.0	0.0	0.0	0.0	0.0	0.0	0.0	0.0	0.0	0.0	0.0	0.0	0.0	0.0	0.0	0.0	0.0	0.0	0.0	0.0	0.0	0.0	0.0	0.0	0.0	0.0	0.0	0.0	0.0	0.36296334445382605	0.0	0.0	0.0	0.0	0.0	0.0	
0.0	0.0	0.0	0.0	0.0	0.0	0.0	0.0	9.960268279438589	0.0	0.0	0.0	0.0	0.0	0.0	0.0	0.0	0.0	0.0	0.0	0.0	0.0	5.859016175532972	0.0	0.0	0.0	0.0	0.0	0.0	0.0	0.0	0.0	0.0	0.0	0.0	0.0	0.0	0.0	0.0	0.0	5.828252187261285	0.0	0.0	0.0	0.0	0.0	0.0	0.0	0.0	0.0	0.0	0.0	0.0	5.859016175532972	0.0	0.0	0.0	0.0	0.0	0.0	0.0	0.0	0.0	0.0	5.828252187261285	0.0	0.0	0.0	0.0	6.171881634463894	0.0	0.0	5.859016175532972	0.0	0.0	0.0	0.0	0.0	0.0	0.0	0.0	0.0	0.0	5.494459784822681	0.0	0.0	0.0	0.0	0.0	0.0	0.0	0.0	0.0	3.691878457329345	0.0	0.0	0.0	0.0	0.0	
0.0	0.0	0.0	0.0	0.0	0.0	0.0	0.0	0.0	0.0	0.0	0.0	0.0	0.0	0.0	8.310803962372448	0.0	0.0	5.379512382913365	0.0	0.0	0.0	0.0	0.0	0.0	0.0	0.0	0.0	0.0	0.0	0.0	0.0	0.0	0.0	0.0	0.0	0.0	0.0	0.0	0.0	0.0	0.0	5.138899864588087	0.0	0.0	0.0	0.0	0.0	0.0	0.0	0.0	0.0	0.0	0.0	0.0	0.0	0.0	0.0	0.0	0.0	0.0	0.0	0.0	0.0	0.0	0.0	0.0	0.0	0.0	0.0	0.0	0.0	0.0	0.0	0.0	0.0	0.0	0.0	0.0	0.0	0.0	0.0	6.35583089403462	0.0	0.0	0.0	6.040626010838945	0.0	0.0	0.0	0.0	0.0	0.0	0.0	1.858529637321027	0.0	0.0	0.0	0.0	
5.653219375425955	0.0	0.0	0.0	0.0	0.0	5.803273529070374	0.0	0.0	0.0	0.0	0.0	0.0	0.0	0.0	5.921812828678252	0.0	0.0	0.0	0.0	5.520172844557791	0.0	0.0	0.0	0.0	0.0	0.0	0.0	5.4304401661831925	0.0	0.0	0.0	0.0	0.0	0.0	0.0	0.0	0.0	0.0	0.0	0.0	6.447362399558099	0.0	0.0	0.0	0.0	5.737530868293472	0.0	6.171550772281664	0.0	0.0	0.0	0.0	0.0	0.0	0.0	0.0	0.0	0.0	0.0	0.0	6.7250902586082795	0.0	0.0	0.0	0.0	0.0	0.0	0.0	0.0	0.0	0.0	0.0	6.3978219087792	0.0	0.0	0.0	5.326880706673265	0.0	0.0	0.0	0.0	0.0	0.0	0.0	0.0	0.0	0.0	0.0	0.0	0.0	0.0	0.0	0.0	0.0	1.876794431498574	0.0	5.924772302854553	5.134982825342327	
0.0	0.0	0.0	0.0	0.0	0.0	0.0	0.0	0.0	0.0	0.0	0.0	0.0	0.0	0.0	0.0	0.0	0.0	0.0	0.0	0.0	0.0	5.050773803222208	0.0	0.0	0.0	0.0	0.0	0.0	0.0	0.0	0.0	0.0	0.0	0.0	0.0	0.0	0.0	6.030964348561918	0.0	5.063086987778753	0.0	0.0	0.0	0.0	0.0	0.0	0.0	0.0	0.0	0.0	0.0	0.0	5.050773803222164	0.0	0.0	0.0	0.0	0.0	0.0	0.0	0.0	0.0	0.0	5.06308698777862	0.0	0.0	0.0	0.0	5.062395262651576	0.0	0.0	5.050773803222208	0.0	0.0	0.0	0.0	0.0	0.0	0.0	0.0	0.0	0.0	0.0	0.0	0.0	0.0	0.0	0.0	0.0	0.0	0.0	0.0	0.0	0.0	0.0	1.3258369335840348	0.0	0.0	
0.0	0.0	0.0	5.067414426448291	0.0	0.0	0.0	0.0	0.0	0.0	0.0	0.0	0.0	0.0	0.0	0.0	0.0	0.0	0.0	0.0	0.0	0.0	0.0	0.0	0.0	0.0	0.0	0.0	0.0	0.0	0.0	0.0	0.0	0.0	0.0	0.0	0.0	0.0	0.0	0.0	0.0	0.0	0.0	0.0	0.0	5.924772302854553	0.0	0.0	0.0	0.0	0.0	6.648638362728221	0.0	0.0	0.0	0.0	0.0	0.0	5.410785775093352	0.0	0.0	0.0	0.0	0.0	0.0	0.0	0.0	0.0	0.0	0.0	0.0	0.0	0.0	0.0	0.0	0.0	0.0	0.0	0.0	0.0	0.0	0.0	0.0	0.0	0.0	0.0	0.0	0.0	0.0	0.0	0.0	0.0	0.0	0.0	0.0	5.924772302854553	0.0	0.22675816672306226	6.881361470863601	
0.0	0.0	0.0	5.303021324053914	0.0	0.0	0.0	6.77662944449704	0.0	0.0	0.0	0.0	0.0	0.0	0.0	0.0	7.132304276579049	0.0	7.834549638214838	0.0	0.0	5.079220003079055	6.356900106799301	0.0	5.31506570329463	0.0	0.0	0.0	9.593194823670936	0.0	0.0	0.0	0.0	6.151667142343387	6.434270321266489	5.292863711051599	0.0	0.0	6.399732079170306	6.36515345787787	6.231950287465082	0.0	0.0	0.0	0.0	5.134982825342327	0.0	0.0	5.1809865099534225	0.0	0.0	5.220716623060584	0.0	6.356900106799213	0.0	0.0	0.0	0.0	0.0	0.0	0.0	0.0	0.0	0.0	6.231950287464905	0.0	0.0	5.31506570329463	6.365153457877959	6.205718227464541	0.0	0.0	6.356900106799301	5.388520740101477	0.0	5.157755012966847	0.0	0.0	0.0	0.0	0.0	0.0	0.0	0.0	0.0	6.365153457878048	0.0	6.434270321266489	6.434270321266489	0.0	0.0	5.285068966286399	0.0	0.0	0.0	5.134982825342327	0.0	6.881361470863689	1.385853199235898	
